0 0.275 0.31484375 0.55 0.6296875
0 0.659375 0.32109375 0.21875 0.6171875
0 0.86875 0.31484375 0.2625 0.6296875
0 0.00625 0.94453125 0.0125 0.0796875
0 0.290625 0.97734375 0.03125 0.0453125
0 0.0046875 0.8359375 0.009375 0.05
0 0.321875 0.9796875 0.028125 0.040625
0 0.3109375 0.93046875 0.0203125 0.071875
0 0.15703125 0.98671875 0.0234375 0.0265625
0 0.246875 0.89453125 0.01875 0.053125
0 0.05 0.9546875 0.0234375 0.08125
0 0.22890625 0.9828125 0.0234375 0.034375
0 0.50625 0.98828125 0.025 0.0234375
0 0.4109375 0.95546875 0.0265625 0.075
0 0.04921875 0.84765625 0.021875 0.0625
0 0.471875 0.8578125 0.0203125 0.05625
0 0.45546875 0.915625 0.0359375 0.08125
0 0.30390625 0.79453125 0.0234375 0.075
0 0.42578125 0.9875 0.0234375 0.025
0 0.1828125 0.81953125 0.0234375 0.06875
0 0.20859375 0.71875 0.015625 0.05625
0 0.14609375 0.94453125 0.01875 0.0671875
0 0.00625 0.97890625 0.0125 0.0421875
0 0.53671875 0.7453125 0.021875 0.0703125
0 0.00546875 0.865625 0.0109375 0.06875
0 0.02890625 0.93046875 0.021875 0.0703125
0 0.13046875 0.88203125 0.025 0.0671875
0 0.5296875 0.946875 0.0265625 0.0890625
0 0.4171875 0.88671875 0.0203125 0.0640625
0 0.00703125 0.975 0.0140625 0.05
0 0.0859375 0.80625 0.0203125 0.0609375
0 0.3859375 0.77265625 0.01875 0.059375
0 0.0046875 0.75546875 0.009375 0.0515625
0 0.15078125 0.84375 0.0171875 0.0703125
0 0.06015625 0.79375 0.021875 0.0734375
0 0.00546875 0.94140625 0.0109375 0.0640625
0 0.0046875 0.809375 0.009375 0.06875
0 0.43671875 0.84375 0.0171875 0.0546875
0 0.3609375 0.771875 0.021875 0.0625
0 0.4484375 0.70625 0.0234375 0.059375
0 0.5375 0.853125 0.01875 0.053125
0 0.12421875 0.99296875 0.0265625 0.0140625
0 0.0046875 0.83046875 0.009375 0.0578125
0 0.00390625 0.77109375 0.0078125 0.0515625
0 0.159375 0.909375 0.021875 0.0703125
0 0.00546875 0.93203125 0.0109375 0.0703125
0 0.44296875 0.64453125 0.0203125 0.0296875
0 0.33046875 0.72109375 0.0203125 0.065625
0 0.52890625 0.8125 0.01875 0.0515625
0 0.13203125 0.775 0.021875 0.0734375
0 0.396875 0.8921875 0.0203125 0.059375
0 0.3734375 0.94921875 0.01875 0.0515625
0 0.01328125 0.88515625 0.0234375 0.05625
0 0.17578125 0.96640625 0.0234375 0.0671875
0 0.0734375 0.68515625 0.0171875 0.053125
0 0.09921875 0.921875 0.028125 0.1
0 0.115625 0.97734375 0.021875 0.0453125
0 0.25703125 0.98828125 0.0171875 0.0234375
0 0.4640625 0.98203125 0.025 0.0359375
0 0.41640625 0.7890625 0.025 0.0640625
0 0.36796875 0.90234375 0.0234375 0.0609375
0 0.33515625 0.85703125 0.025 0.071875
0 0.4921875 0.92578125 0.0421875 0.0921875
0 0.44765625 0.7921875 0.015625 0.0578125
0 0.00859375 0.96171875 0.0171875 0.0765625
0 0.009375 0.9671875 0.01875 0.065625
0 0.775 0.81484375 0.45 0.3703125
0 0.8921875 0.81484375 0.215625 0.3703125