0 0.196875 0.39609375 0.04375 0.0671875
0 0.3328125 0.24609375 0.059375 0.3671875
0 0.7421875 0.3 0.04375 0.259375
0 0.53125 0.21484375 0.265625 0.4296875
0 0.68671875 0.40390625 0.0453125 0.0515625
0 0.890625 0.21484375 0.203125 0.4296875
0 0.59296875 0.8453125 0.3921875 0.309375
0 0.18984375 0.5328125 0.3796875 0.20625
0 0.18359375 0.80625 0.3671875 0.3875
0 0.59921875 0.5375 0.3796875 0.215625
0 0.80859375 0.67734375 0.0390625 0.2703125
0 0.834375 0.80625 0.0625 0.3875
0 0.921875 0.71484375 0.15625 0.5703125