0 0.9703125 0.15625 0.028125 0.15
0 0.9484375 0.1484375 0.0171875 0.15
0 0.93203125 0.1078125 0.0109375 0.065625
0 0.921875 0.10859375 0.0140625 0.075
0 0.89140625 0.14921875 0.05 0.165625
0 0.79453125 0.175 0.04375 0.2140625
0 0.74765625 0.15625 0.0484375 0.1859375
0 0.659375 0.31875 0.059375 0.528125
0 0.61171875 0.14375 0.03125 0.1859375
0 0.0625 0.28984375 0.0640625 0.4453125
0 0.15 0.23671875 0.04375 0.3203125
0 0.24921875 0.26953125 0.04375 0.409375
0 0.46015625 0.5203125 0.2671875 0.86875
0 0.30546875 0.16015625 0.0453125 0.2125
0 0.37578125 0.15625 0.0296875 0.1671875
0 0.3484375 0.1375 0.0296875 0.1515625