0 0.01796875 0.42109375 0.0359375 0.0953125
0 0.06171875 0.4375 0.0484375 0.0625
0 0.15 0.27109375 0.059375 0.3953125
0 0.196875 0.44375 0.03125 0.05
0 0.559375 0.325 0.04375 0.2875
0 0.3484375 0.234375 0.265625 0.46875
0 0.50390625 0.42890625 0.0453125 0.0796875
0 0.43359375 0.4421875 0.0296875 0.053125
0 0.7203125 0.234375 0.18125 0.46875
0 0.85546875 0.234375 0.2890625 0.46875
0 0.65546875 0.1140625 0.0515625 0.128125
0 0.61953125 0.71875 0.0203125 0.196875
0 0.48828125 0.63359375 0.2078125 0.3296875
0 0.32109375 0.67265625 0.0609375 0.1328125
0 0.23125 0.68359375 0.08125 0.0828125
0 0.16171875 0.6765625 0.0515625 0.1015625
0 0.08671875 0.68828125 0.0796875 0.159375
0 0.04453125 0.7234375 0.0890625 0.26875
0 0.89765625 0.671875 0.2046875 0.40625