0 0.0296875 0.84375 0.028125 0.15
0 0.0515625 0.8515625 0.0171875 0.15
0 0.06796875 0.8921875 0.0109375 0.065625
0 0.078125 0.89140625 0.0140625 0.075
0 0.10859375 0.85078125 0.05 0.165625
0 0.20546875 0.825 0.04375 0.2140625
0 0.25234375 0.84375 0.0484375 0.1859375
0 0.340625 0.68125 0.059375 0.528125
0 0.38828125 0.85625 0.03125 0.1859375
0 0.9375 0.71015625 0.0640625 0.4453125
0 0.85 0.76328125 0.04375 0.3203125
0 0.75078125 0.73046875 0.04375 0.409375
0 0.53984375 0.4796875 0.265625 0.86875
0 0.69453125 0.83984375 0.0453125 0.2125
0 0.62421875 0.84375 0.0296875 0.1671875
0 0.6515625 0.8625 0.028125 0.1515625