0 0.23046875 0.16875 0.3546875 0.3375
0 0.4734375 0.22421875 0.128125 0.3296875
0 0.77578125 0.2109375 0.2203125 0.35625
0 0.54453125 0.19453125 0.2703125 0.3890625
0 0.23984375 0.75859375 0.3390625 0.4828125
0 0.80234375 0.4109375 0.0578125 0.04375
0 0.85390625 0.409375 0.0328125 0.040625
0 0.9375 0.42109375 0.0375 0.0640625
0 0.87109375 0.41171875 0.0328125 0.0453125
0 0.940625 0.4078125 0.0375 0.0375
0 0.8171875 0.41484375 0.040625 0.0515625
0 0.80234375 0.41328125 0.0484375 0.0484375
0 0.92109375 0.8859375 0.109375 0.1953125
0 0.97734375 0.74765625 0.0453125 0.1359375
0 0.97890625 0.409375 0.0421875 0.040625
0 0.66640625 0.609375 0.0484375 0.0859375
0 0.903125 0.4796875 0.0921875 0.1015625
0 0.890625 0.62421875 0.0578125 0.0953125
0 0.7734375 0.6109375 0.0515625 0.0734375
0 0.66640625 0.4609375 0.04375 0.0734375
0 0.7390625 0.696875 0.0765625 0.0859375
0 0.96015625 0.52890625 0.0484375 0.0640625
0 0.72421875 0.41953125 0.0796875 0.0609375