0 0.1734375 0.2984375 0.346875 0.540625
0 0.49296875 0.2140625 0.0265625 0.2125
0 0.48984375 0.23984375 0.0203125 0.1796875
0 0.49140625 0.4078125 0.0234375 0.159375
0 0.4890625 0.34453125 0.01875 0.3015625
0 0.48828125 0.3484375 0.0171875 0.153125
0 0.55390625 0.31796875 0.0546875 0.175
0 0.55 0.41875 0.025 0.0859375
0 0.496875 0.41796875 0.034375 0.2203125
0 0.490625 0.471875 0.021875 0.1625
0 0.4875 0.53359375 0.015625 0.0859375
0 0.4859375 0.01953125 0.0125 0.0390625
0 0.4890625 0.0421875 0.01875 0.084375
0 0.484375 0.04375 0.009375 0.06875
0 0.484375 0.03359375 0.009375 0.0671875
0 0.48984375 0.0265625 0.0203125 0.053125
0 0.5078125 0.01171875 0.01875 0.0234375
0 0.49609375 0.03828125 0.0328125 0.0765625
0 0.490625 0.0421875 0.021875 0.084375
0 0.48359375 0.08359375 0.0078125 0.0578125
0 0.584375 0.06171875 0.0625 0.1234375
0 0.5515625 0.11328125 0.0359375 0.1328125
0 0.540625 0.153125 0.03125 0.1296875
0 0.58984375 0.1828125 0.0328125 0.1375
0 0.8203125 0.07265625 0.090625 0.1453125
0 0.91328125 0.13359375 0.0703125 0.2671875
0 0.98828125 0.059375 0.0234375 0.11875
0 0.95625 0.3015625 0.059375 0.15625
0 0.94609375 0.546875 0.0390625 0.1171875
0 0.86953125 0.43984375 0.0265625 0.15625
0 0.81171875 0.3078125 0.0453125 0.2765625
0 0.8703125 0.26796875 0.0515625 0.184375
0 0.77578125 0.31484375 0.0375 0.171875
0 0.6640625 0.1328125 0.04375 0.15625
0 0.953125 0.43046875 0.059375 0.140625
0 0.90078125 0.4265625 0.046875 0.203125
0 0.63046875 0.34921875 0.0328125 0.134375
0 0.62734375 0.46484375 0.0390625 0.1421875
0 0.6640625 0.37734375 0.034375 0.134375
0 0.871875 0.5671875 0.028125 0.084375
0 0.8890625 0.596875 0.028125 0.025
0 0.74453125 0.55703125 0.0296875 0.0859375
0 0.74296875 0.4734375 0.028125 0.1140625
0 0.70703125 0.4890625 0.034375 0.1359375
0 0.5421875 0.58671875 0.021875 0.0453125
0 0.48671875 0.584375 0.0140625 0.05
0 0.5953125 0.51171875 0.03125 0.1359375
0 0.71015625 0.1765625 0.046875 0.1890625
0 0.4890625 0.1640625 0.01875 0.1375
0 0.1734375 0.8046875 0.346875 0.390625
0 0.40625 0.64921875 0.1 0.0796875
0 0.68203125 0.8109375 0.4046875 0.378125