0 0.4546875 0.184375 0.46875 0.36875
0 0.84453125 0.2375 0.3109375 0.2625
0 0.31875 0.38125 0.0625 0.025
0 0.12421875 0.44296875 0.065625 0.125
0 0.02890625 0.3984375 0.0578125 0.059375
0 0.0625 0.4390625 0.0546875 0.0796875
0 0.16484375 0.40234375 0.0796875 0.0671875
0 0.24765625 0.39765625 0.0609375 0.0578125
0 0.35 0.4265625 0.078125 0.115625
0 0.4140625 0.4203125 0.0875 0.103125
0 0.490625 0.41875 0.065625 0.1
0 0.54453125 0.41640625 0.0765625 0.0953125
0 0.62265625 0.4015625 0.0671875 0.065625
0 0.6734375 0.40625 0.03125 0.075
0 0.36875 0.7296875 0.0640625 0.1125
0 0.42734375 0.67578125 0.059375 0.1046875
0 0.37265625 0.61875 0.05625 0.096875
0 0.3953125 0.5234375 0.0625 0.1015625
0 0.4046875 0.41328125 0.10625 0.0890625
0 0.44453125 0.4 0.1078125 0.0625
0 0.3328125 0.48984375 0.0578125 0.1390625
0 0.275 0.453125 0.071875 0.1359375
0 0.30703125 0.6 0.0609375 0.1140625
0 0.25078125 0.546875 0.0609375 0.0828125
0 0.23125 0.61171875 0.05 0.084375
0 0.1828125 0.68046875 0.0765625 0.1171875
0 0.115625 0.5828125 0.0796875 0.0921875
0 0.0359375 0.52421875 0.071875 0.1359375
0 0.01796875 0.5046875 0.0359375 0.096875
0 0.04140625 0.415625 0.0828125 0.09375
0 0.2140625 0.39765625 0.06875 0.0578125
0 0.2734375 0.39921875 0.078125 0.0609375
0 0.01875 0.39609375 0.0375 0.0546875
0 0.02109375 0.39609375 0.0421875 0.0546875
0 0.0140625 0.3890625 0.028125 0.040625
0 0.02734375 0.39765625 0.0546875 0.0578125
0 0.03359375 0.62890625 0.0671875 0.1140625
0 0.01484375 0.79765625 0.0296875 0.0703125
0 0.03359375 0.7453125 0.0578125 0.0703125
0 0.11953125 0.7265625 0.1 0.165625
0 0.31484375 0.7625 0.05625 0.09375
0 0.2328125 0.75078125 0.075 0.0890625
0 0.025 0.8984375 0.05 0.10625
0 0.0203125 0.97109375 0.040625 0.0578125
0 0.06796875 0.9734375 0.0578125 0.053125
0 0.0796875 0.90234375 0.0578125 0.0828125
0 0.12578125 0.84609375 0.0734375 0.078125
0 0.2515625 0.95234375 0.075 0.0953125
0 0.26953125 0.846875 0.0890625 0.1125
0 0.3484375 0.9546875 0.0875 0.090625
0 0.35078125 0.86015625 0.0578125 0.09375
0 0.609375 0.39453125 0.0875 0.0515625
0 0.64140625 0.38984375 0.0828125 0.0421875
0 0.6703125 0.38203125 0.0375 0.0265625
0 0.92109375 0.7265625 0.1359375 0.546875
0 0.86796875 0.6875 0.0640625 0.3140625
0 0.7890625 0.74765625 0.121875 0.5046875
0 0.7125 0.78984375 0.046875 0.4203125
0 0.703125 0.63046875 0.028125 0.3046875
0 0.7140625 0.66484375 0.05 0.3546875
0 0.7296875 0.63984375 0.08125 0.5296875