0 0.278125 0.35390625 0.28125 0.7078125
0 0.53359375 0.5109375 0.2296875 0.36875
0 0.4 0.7515625 0.0375 0.04375
0 0.40234375 0.75390625 0.0328125 0.0484375
0 0.2734375 0.97890625 0.046875 0.0421875
0 0.38046875 0.9828125 0.0515625 0.034375
0 0.27421875 0.853125 0.0453125 0.0734375
0 0.33203125 0.76015625 0.0796875 0.0609375
0 0.87265625 0.9796875 0.0296875 0.040625
0 0.4359375 0.94609375 0.034375 0.1078125
0 0.978125 0.9375 0.028125 0.0796875
0 0.84921875 0.85078125 0.053125 0.109375
0 0.928125 0.984375 0.0625 0.03125
0 0.9953125 0.9375 0.009375 0.05
0 0.9515625 0.896875 0.028125 0.0765625
0 0.98671875 0.88671875 0.0265625 0.0640625
0 0.42578125 0.978125 0.0140625 0.04375
0 0.4234375 0.8046875 0.009375 0.04375