0 0.3671875 0.396875 0.503125 0.34375
0 0.02734375 0.47421875 0.0546875 0.1890625
0 0.6609375 0.4828125 0.115625 0.171875
0 0.0203125 0.421875 0.040625 0.29375
0 0.859375 0.3 0.28125 0.5375
0 0.1640625 0.7984375 0.328125 0.403125
0 0.728125 0.9609375 0.01875 0.078125
0 0.73125 0.97578125 0.025 0.0484375
0 0.79765625 0.9890625 0.0640625 0.021875
0 0.7625 0.93671875 0.03125 0.084375
0 0.80546875 0.94609375 0.0390625 0.0828125
0 0.88828125 0.97734375 0.0390625 0.0453125
0 0.9890625 0.90859375 0.021875 0.1328125
0 0.9953125 0.834375 0.009375 0.14375
0 0.73203125 0.7515625 0.0265625 0.15
0 0.7328125 0.971875 0.028125 0.05625
0 0.72734375 0.965625 0.0171875 0.06875
0 0.73515625 0.9328125 0.0328125 0.103125
0 0.72890625 0.85625 0.0203125 0.08125
0 0.72890625 0.88828125 0.0203125 0.0609375
0 0.73515625 0.896875 0.0328125 0.078125
0 0.72890625 0.8734375 0.0203125 0.0625
0 0.7765625 0.8515625 0.0453125 0.078125
0 0.909375 0.93671875 0.0390625 0.075
0 0.9578125 0.9046875 0.04375 0.075
0 0.8578125 0.89453125 0.0359375 0.0609375
0 0.87265625 0.83125 0.0375 0.0765625
0 0.9015625 0.80390625 0.0421875 0.0953125
0 0.96796875 0.67734375 0.028125 0.0625
0 0.91875 0.69765625 0.03125 0.109375
0 0.8796875 0.709375 0.0265625 0.0484375
0 0.77734375 0.78828125 0.03125 0.065625
0 0.72578125 0.8046875 0.0140625 0.078125
0 0.72734375 0.896875 0.0171875 0.0875
0 0.72890625 0.5875 0.0203125 0.0375
0 0.72890625 0.78515625 0.0203125 0.0859375
0 0.72578125 0.8015625 0.0140625 0.05
0 0.72890625 0.72265625 0.0203125 0.0859375
0 0.890625 0.60078125 0.03125 0.0640625
0 0.94609375 0.5921875 0.0296875 0.046875
0 0.9640625 0.81171875 0.04375 0.090625
0 0.775 0.71015625 0.034375 0.0828125
0 0.7921875 0.58359375 0.034375 0.0296875
0 0.72734375 0.75234375 0.0171875 0.0984375
0 0.7296875 0.71015625 0.021875 0.0953125
0 0.7265625 0.7265625 0.015625 0.075
0 0.72578125 0.79375 0.0140625 0.059375