0 0.18203125 0.328125 0.3640625 0.521875
0 0.01484375 0.21796875 0.0296875 0.0984375
0 0.02734375 0.35078125 0.0546875 0.3015625
0 0.4796875 0.440625 0.078125 0.296875
0 0.41875 0.35625 0.140625 0.25625
0 0.0203125 0.38125 0.040625 0.415625
0 0.54296875 0.45703125 0.0484375 0.0953125
0 0.6328125 0.50859375 0.14375 0.1609375
0 0.5484375 0.5578125 0.059375 0.0625
0 0.66640625 0.3765625 0.0875 0.084375
0 0.54765625 0.47421875 0.0578125 0.1421875
0 0.56953125 0.54609375 0.1015625 0.0859375
0 0.95 0.24296875 0.084375 0.06875
0 0.96328125 0.5609375 0.0734375 0.05625
0 0.54140625 0.3859375 0.0453125 0.1125
0 0.59765625 0.41953125 0.0890625 0.140625
0 0.97109375 0.471875 0.0578125 0.115625
0 0.74453125 0.5546875 0.1046875 0.06875
0 0.5359375 0.30234375 0.034375 0.0671875
0 0.9109375 0.2 0.0421875 0.0609375
0 0.4125 0.7078125 0.1953125 0.2015625
0 0.7234375 0.79453125 0.16875 0.4109375
0 0.5359375 0.63125 0.034375 0.084375
0 0.940625 0.79453125 0.11875 0.4109375
0 0.57421875 0.6515625 0.0703125 0.125
0 0.79765625 0.6171875 0.0515625 0.05625
0 0.5375 0.63125 0.0375 0.084375
0 0.53515625 0.6328125 0.0328125 0.0875
0 0.53203125 0.640625 0.0265625 0.103125
0 0.534375 0.63203125 0.03125 0.0859375
0 0.5390625 0.63671875 0.040625 0.0953125
0 0.5390625 0.63828125 0.040625 0.0984375
0 0.5375 0.63203125 0.0375 0.0859375