0 0.29453125 0.2328125 0.1890625 0.465625
0 0.02421875 0.0390625 0.0484375 0.078125
0 0.084375 0.16171875 0.1109375 0.3015625
0 0.0203125 0.2078125 0.040625 0.415625
0 0.6625 0.26484375 0.271875 0.5296875
0 0.1890625 0.70859375 0.378125 0.3578125
0 0.875 0.57421875 0.053125 0.0890625
0 0.875 0.55234375 0.034375 0.0453125
0 0.9484375 0.78515625 0.0421875 0.103125
0 0.91171875 0.58671875 0.0609375 0.1140625
0 0.9265625 0.56484375 0.046875 0.0703125
0 0.778125 0.55546875 0.0375 0.0515625
0 0.82734375 0.5609375 0.0453125 0.0625
0 0.81640625 0.55234375 0.0359375 0.0453125
0 0.8765625 0.67734375 0.0453125 0.1078125
0 0.8265625 0.55390625 0.034375 0.0484375
0 0.80859375 0.72421875 0.053125 0.1015625
0 0.68515625 0.57578125 0.0515625 0.0921875
0 0.7328125 0.55234375 0.046875 0.0453125
0 0.975 0.56328125 0.046875 0.0671875
0 0.73125 0.54765625 0.040625 0.0359375
0 0.75234375 0.5578125 0.0265625 0.05625
0 0.9203125 0.9203125 0.0625 0.1453125
0 0.628125 0.571875 0.084375 0.084375
0 0.75546875 0.56484375 0.0765625 0.0703125
0 0.72734375 0.68203125 0.0671875 0.1234375
0 0.5328125 0.62890625 0.1140625 0.1234375
0 0.6359375 0.79921875 0.09375 0.1
0 0.83046875 0.94296875 0.0453125 0.1140625
0 0.8734375 0.96015625 0.04375 0.0796875
0 0.6296875 0.553125 0.053125 0.046875
0 0.4421875 0.55078125 0.078125 0.0421875
0 0.98203125 0.565625 0.0359375 0.071875