0 0.12578125 0.20625 0.2515625 0.4125
0 0.26875 0.1296875 0.0625 0.259375
0 0.0171875 0.27109375 0.034375 0.4765625
0 0.0359375 0.2796875 0.071875 0.459375
0 0.03515625 0.12109375 0.0703125 0.2421875
0 0.4953125 0.34140625 0.2953125 0.2875
0 0.02109375 0.5640625 0.0421875 0.109375
0 0.02109375 0.55234375 0.0421875 0.0859375
0 0.0109375 0.53671875 0.021875 0.0546875
0 0.13515625 0.56015625 0.0859375 0.1015625
0 0.01484375 0.5421875 0.0296875 0.065625
0 0.0125 0.53828125 0.025 0.0578125
0 0.009375 0.85 0.01875 0.096875
0 0.24296875 0.7953125 0.0421875 0.11875
0 0.24140625 0.55 0.0859375 0.08125
0 0.0109375 0.5578125 0.021875 0.09375
0 0.09609375 0.528125 0.0484375 0.0375
0 0.1265625 0.540625 0.046875 0.0625
0 0.26171875 0.52578125 0.0453125 0.0328125
0 0.01015625 0.5328125 0.0203125 0.046875
0 0.065625 0.53359375 0.0875 0.0484375
0 0.01484375 0.53203125 0.0296875 0.0453125
0 0.03046875 0.56171875 0.0609375 0.1046875
0 0.15546875 0.55546875 0.0515625 0.0921875
0 0.01015625 0.53671875 0.0203125 0.0546875
0 0.03984375 0.5296875 0.0421875 0.040625
0 0.10234375 0.54609375 0.0515625 0.0734375
0 0.02109375 0.54296875 0.0421875 0.0671875
0 0.01484375 0.5359375 0.0296875 0.053125
0 0.00859375 0.5328125 0.0171875 0.046875
0 0.0140625 0.56484375 0.028125 0.1109375
0 0.1453125 0.6671875 0.0421875 0.096875
0 0.009375 0.53515625 0.01875 0.0515625
0 0.01015625 0.56171875 0.0203125 0.1046875
0 0.0203125 0.5640625 0.040625 0.109375
0 0.10703125 0.6375 0.04375 0.1140625
0 0.26015625 0.54453125 0.0796875 0.0703125
0 0.18828125 0.67421875 0.046875 0.1296875
0 0.009375 0.78125 0.01875 0.134375
0 0.01171875 0.65859375 0.0234375 0.1265625
0 0.20859375 0.53828125 0.0546875 0.0578125
0 0.278125 0.54140625 0.04375 0.0640625
0 0.02109375 0.5703125 0.0421875 0.103125
0 0.0390625 0.53515625 0.053125 0.0515625
0 0.2375 0.615625 0.05 0.1078125
0 0.0171875 0.5640625 0.034375 0.109375
0 0.01015625 0.959375 0.0203125 0.08125
0 0.0125 0.56015625 0.025 0.1015625
0 0.0078125 0.85 0.015625 0.0625
0 0.01328125 0.54140625 0.0265625 0.0640625
0 0.18203125 0.53046875 0.0390625 0.0421875
0 0.0765625 0.74375 0.028125 0.078125
0 0.0765625 0.68515625 0.03125 0.075
0 0.0078125 0.590625 0.015625 0.090625
0 0.01015625 0.61796875 0.0203125 0.1109375
0 0.009375 0.71328125 0.01875 0.0734375
0 0.01171875 0.91875 0.0234375 0.1125
0 0.07578125 0.603125 0.03125 0.1015625
0 0.01640625 0.87578125 0.0328125 0.1015625
0 0.01015625 0.86171875 0.0203125 0.1234375
0 0.0578125 0.54375 0.05625 0.06875
0 0.00703125 0.5609375 0.0140625 0.075
0 0.11484375 0.909375 0.040625 0.1046875
0 0.009375 0.740625 0.01875 0.06875
0 0.0109375 0.82109375 0.021875 0.0765625
0 0.009375 0.9265625 0.01875 0.1125
0 0.29140625 0.940625 0.0171875 0.078125
0 0.10546875 0.80625 0.0328125 0.0796875
0 0.0203125 0.56640625 0.040625 0.1140625
0 0.01015625 0.73125 0.0203125 0.125
0 0.01875 0.575 0.0375 0.13125
0 0.0140625 0.71171875 0.028125 0.1296875
0 0.0109375 0.9125 0.021875 0.1375
0 0.01171875 0.59453125 0.0234375 0.1203125
0 0.40234375 0.7765625 0.2046875 0.446875
0 0.77109375 0.7546875 0.3984375 0.490625