0 0.8640625 0.91328125 0.0640625 0.1625
0 0.69921875 0.95625 0.0578125 0.0875
0 0.50859375 0.41953125 0.03125 0.08125
0 0.84453125 0.5953125 0.0296875 0.0796875
0 0.8546875 0.7203125 0.05 0.1421875
0 0.8203125 0.4921875 0.028125 0.075
0 0.6125 0.6921875 0.0515625 0.175
0 0.1109375 0.38828125 0.05625 0.115625
0 0.12890625 0.328125 0.028125 0.0609375
0 0.771875 0.37109375 0.0265625 0.0765625
0 0.81015625 0.565625 0.03125 0.0703125
0 0.91640625 0.70859375 0.0515625 0.1359375
0 0.528125 0.56796875 0.0375 0.1140625
0 0.98125 0.575 0.0375 0.075
0 0.59375 0.3421875 0.0171875 0.0390625
0 0.92109375 0.39296875 0.025 0.0421875
0 0.7953125 0.8859375 0.040625 0.13125
0 0.88125 0.66953125 0.0296875 0.0828125
0 0.946875 0.39296875 0.01875 0.0484375
0 0.378125 0.578125 0.04375 0.13125
0 0.409375 0.675 0.065625 0.2609375
0 0.89921875 0.45078125 0.0296875 0.059375
0 0.65390625 0.43046875 0.0203125 0.0484375
0 0.640625 0.46328125 0.021875 0.053125
0 0.7484375 0.3484375 0.01875 0.046875
0 0.86484375 0.40703125 0.03125 0.1046875
0 0.83671875 0.40625 0.028125 0.09375
0 0.6390625 0.975 0.04375 0.05
0 0.4828125 0.49765625 0.028125 0.0671875
0 0.9875 0.40234375 0.021875 0.0578125
0 0.72109375 0.3484375 0.01875 0.046875
0 0.2109375 0.40625 0.021875 0.0625
0 0.52265625 0.7453125 0.0859375 0.240625
0 0.44296875 0.89609375 0.090625 0.2
0 0.5921875 0.88984375 0.1109375 0.1984375
0 0.734375 0.88828125 0.028125 0.075
0 0.6734375 0.8734375 0.0375 0.09375
0 0.70703125 0.8828125 0.0296875 0.0875
0 0.71953125 0.78515625 0.025 0.1171875
0 0.66484375 0.77109375 0.04375 0.090625
0 0.96328125 0.74140625 0.0734375 0.25
0 0.77109375 0.62109375 0.0453125 0.1734375
0 0.809375 0.62890625 0.0453125 0.1953125
0 0.91484375 0.6015625 0.0453125 0.075
0 0.8875 0.55078125 0.0390625 0.1109375
0 0.66328125 0.69375 0.0359375 0.065625
0 0.64921875 0.5359375 0.0421875 0.0921875
0 0.56640625 0.48203125 0.04375 0.140625
0 0.44609375 0.52890625 0.04375 0.09375
0 0.3296875 0.5328125 0.034375 0.15625
0 0.4734375 0.3625 0.034375 0.14375
0 0.16484375 0.87890625 0.0640625 0.1265625
0 0.18515625 0.4125 0.05 0.1390625
0 0.05390625 0.34296875 0.046875 0.1453125
0 0.015625 0.3390625 0.03125 0.115625
0 0.88046875 0.32109375 0.0421875 0.0453125
0 0.803125 0.3515625 0.025 0.090625
0 0.67421875 0.29453125 0.025 0.075
0 0.63359375 0.41328125 0.0234375 0.059375
0 0.7015625 0.52890625 0.0234375 0.075
0 0.6921875 0.596875 0.0328125 0.059375
0 0.6515625 0.61953125 0.0234375 0.0734375
0 0.74453125 0.565625 0.0328125 0.09375
0 0.5953125 0.575 0.0671875 0.0890625
0 0.48359375 0.62109375 0.0421875 0.071875
0 0.43359375 0.28125 0.0265625 0.0625
0 0.61875 0.3359375 0.015625 0.0453125
0 0.69609375 0.65078125 0.0359375 0.0796875
0 0.29609375 0.36328125 0.0296875 0.071875
0 0.378125 0.459375 0.0203125 0.0390625
0 0.38515625 0.29921875 0.025 0.075
0 0.94453125 0.5203125 0.0328125 0.0828125