0 0.3359375 0.0515625 0.06875 0.103125
0 0.090625 0.29921875 0.078125 0.0796875
0 0.32578125 0.2109375 0.0890625 0.25625
0 0.0265625 0.0359375 0.053125 0.071875
0 0.0140625 0.08125 0.028125 0.103125
0 0.3890625 0.2109375 0.065625 0.25625
0 0.1984375 0.02734375 0.059375 0.0546875
0 0.1390625 0.02421875 0.046875 0.0484375
0 0.44765625 0.01953125 0.0390625 0.0390625
0 0.01484375 0.03359375 0.0296875 0.0671875
0 0.1765625 0.1828125 0.15625 0.3125
0 0.54140625 0.0890625 0.040625 0.1765625
0 0.0109375 0.240625 0.021875 0.1125
0 0.00859375 0.20625 0.0171875 0.1375
0 0.08984375 0.13828125 0.0375 0.1125
0 0.475 0.284375 0.034375 0.109375
0 0.46015625 0.1984375 0.0390625 0.0765625
0 0.49921875 0.17734375 0.0515625 0.15625
0 0.784375 0.16953125 0.43125 0.3390625
0 0.440625 0.39921875 0.10625 0.1203125
0 0.09609375 0.4171875 0.090625 0.146875
0 0.29765625 0.56640625 0.09375 0.271875
0 0.35703125 0.5546875 0.0984375 0.2140625
0 0.47421875 0.51953125 0.09375 0.178125
0 0.53984375 0.48125 0.0578125 0.184375
0 0.0203125 0.59609375 0.040625 0.1015625
0 0.50859375 0.62734375 0.0359375 0.046875
0 0.4140625 0.6515625 0.03125 0.065625
0 0.4359375 0.66875 0.01875 0.034375
0 0.24765625 0.68125 0.0390625 0.0703125
0 0.05546875 0.59453125 0.0671875 0.1359375
0 0.14296875 0.61484375 0.121875 0.190625
0 0.784375 0.66953125 0.43125 0.6609375