0 0.0171875 0.375 0.034375 0.16875
0 0.509375 0.0875 0.053125 0.175
0 0.10703125 0.0390625 0.0390625 0.078125
0 0.009375 0.22578125 0.01875 0.1546875
0 0.42265625 0.078125 0.0546875 0.15625
0 0.01484375 0.03203125 0.0296875 0.0640625
0 0.24609375 0.4328125 0.0390625 0.053125
0 0.1953125 0.046875 0.053125 0.09375
0 0.3390625 0.39609375 0.04375 0.1265625
0 0.290625 0.05234375 0.065625 0.1046875
0 0.309375 0.15703125 0.06875 0.2703125
0 0.0171875 0.39609375 0.034375 0.1265625
0 0.0328125 0.20703125 0.0390625 0.1546875
0 0.1296875 0.390625 0.053125 0.1375
0 0.23203125 0.1875 0.0578125 0.2671875
0 0.03203125 0.03671875 0.0359375 0.0734375
0 0.01015625 0.4 0.0203125 0.11875
0 0.49140625 0.04453125 0.0765625 0.0890625
0 0.009375 0.234375 0.01875 0.11875
0 0.01796875 0.2828125 0.0359375 0.353125
0 0.01484375 0.19921875 0.0296875 0.2109375
0 0.01640625 0.09296875 0.0328125 0.1859375
0 0.0140625 0.04140625 0.028125 0.0828125
0 0.01953125 0.05078125 0.0390625 0.1015625
0 0.01484375 0.05703125 0.0296875 0.1140625
0 0.06796875 0.065625 0.0578125 0.13125
0 0.41484375 0.05390625 0.0453125 0.1078125
0 0.3234375 0.04609375 0.08125 0.0921875
0 0.52265625 0.38359375 0.0546875 0.1515625
0 0.375 0.39609375 0.040625 0.1265625
0 0.446875 0.32734375 0.0921875 0.2265625
0 0.553125 0.24609375 0.03125 0.1234375
0 0.63515625 0.203125 0.1328125 0.40625
0 0.896875 0.225 0.10625 0.2109375
0 0.98125 0.22265625 0.0375 0.1734375
0 0.66953125 0.23125 0.078125 0.1515625
0 0.734375 0.20703125 0.0609375 0.1453125
0 0.80859375 0.1828125 0.08125 0.1609375
0 0.284375 0.66796875 0.56875 0.4171875
0 0.79296875 0.7671875 0.309375 0.2703125