0 0.0859375 0.35078125 0.03125 0.0359375
0 0.0140625 0.3265625 0.028125 0.084375
0 0.00625 0.28203125 0.0125 0.0609375
0 0.35 0.32578125 0.025 0.0765625
0 0.171875 0.296875 0.0171875 0.0390625
0 0.3265625 0.303125 0.01875 0.046875
0 0.409375 0.34140625 0.01875 0.0546875
0 0.29921875 0.303125 0.0171875 0.046875
0 0.00546875 0.34921875 0.0109375 0.0390625
0 0.05078125 0.30703125 0.0328125 0.1234375
0 0.01171875 0.3328125 0.0234375 0.071875
0 0.0109375 0.296875 0.021875 0.14375
0 0.00703125 0.29375 0.0140625 0.115625
0 0.38125 0.30625 0.025 0.090625
0 0.25234375 0.24921875 0.025 0.075
0 0.2109375 0.353125 0.025 0.03125
0 0.0125 0.2359375 0.025 0.0625
0 0.196875 0.290625 0.015625 0.0453125
0 0.00703125 0.3171875 0.0140625 0.071875
0 0.00625 0.253125 0.0125 0.075
0 0.84765625 0.12421875 0.2578125 0.2484375
0 0.8328125 0.19921875 0.265625 0.3390625
0 0.51875 0.20078125 0.2 0.3359375
0 0.56171875 0.11328125 0.2859375 0.2265625
0 0.3171875 0.7484375 0.203125 0.4875
0 0.83046875 0.7765625 0.3390625 0.446875