0 0.44921875 0.021875 0.0578125 0.04375
0 0.46171875 0.02578125 0.0359375 0.0515625
0 0.44921875 0.02421875 0.0484375 0.0484375
0 0.3125 0.02734375 0.046875 0.0546875
0 0.41953125 0.025 0.0515625 0.05
0 0.3125 0.01796875 0.04375 0.0359375
0 0.3859375 0.1 0.0765625 0.0859375
0 0.37109375 0.03046875 0.0796875 0.0609375
0 0.78828125 0.325 0.3984375 0.428125
0 0.0640625 0.76953125 0.128125 0.4609375
0 0.41328125 0.76953125 0.1328125 0.4609375
0 0.196875 0.76953125 0.328125 0.4609375
0 0.7984375 0.87734375 0.16875 0.2453125
0 0.56015625 0.88125 0.1609375 0.2375