0 0.01015625 0.028125 0.0203125 0.05625
0 0.01171875 0.025 0.0234375 0.05
0 0.05390625 0.4015625 0.1078125 0.390625
0 0.06640625 0.14765625 0.09375 0.2375
0 0.08125 0.0546875 0.134375 0.109375
0 0.20546875 0.0421875 0.0953125 0.084375
0 0.2953125 0.0390625 0.084375 0.078125
0 0.3328125 0.10546875 0.084375 0.2109375
0 0.20234375 0.5203125 0.1890625 0.159375
0 0.2265625 0.32890625 0.1875 0.3453125
0 0.48515625 0.47265625 0.1578125 0.2546875
0 0.40390625 0.2859375 0.15625 0.2171875
0 0.48515625 0.1671875 0.1671875 0.271875
0 0.4890625 0.06875 0.159375 0.1375
0 0.23203125 0.02890625 0.0703125 0.0578125
0 0.20859375 0.015625 0.0515625 0.03125
0 0.2796875 0.02421875 0.0625 0.0484375
0 0.29453125 0.0421875 0.1171875 0.084375
0 0.36328125 0.02421875 0.0671875 0.0484375
0 0.44375 0.0359375 0.128125 0.071875
0 0.03984375 0.12734375 0.0796875 0.2546875
0 0.17734375 0.0421875 0.0828125 0.084375
0 0.09453125 0.05 0.0796875 0.1
0 0.1625 0.02109375 0.053125 0.0421875
0 0.11171875 0.01640625 0.0515625 0.0328125
0 0.028125 0.03984375 0.05625 0.0796875
0 0.015625 0.0328125 0.03125 0.065625
0 0.01796875 0.02890625 0.0359375 0.0578125
0 0.0234375 0.03125 0.046875 0.0625
0 0.01640625 0.053125 0.0328125 0.10625
0 0.0140625 0.0390625 0.028125 0.078125
0 0.015625 0.021875 0.03125 0.04375
0 0.021875 0.04296875 0.04375 0.0859375
0 0.04453125 0.3984375 0.0890625 0.3
0 0.03984375 0.21171875 0.0796875 0.3015625
0 0.63828125 0.25546875 0.1390625 0.5109375
0 0.08515625 0.8 0.1703125 0.4
0 0.8671875 0.6671875 0.265625 0.134375