0 0.14765625 0.134375 0.0921875 0.26875
0 0.3640625 0.04921875 0.078125 0.0984375
0 0.3 0.0359375 0.053125 0.071875
0 0.259375 0.02578125 0.059375 0.0515625
0 0.471875 0.02734375 0.059375 0.0546875
0 0.4125 0.02421875 0.046875 0.0484375
0 0.20234375 0.03359375 0.0609375 0.0671875
0 0.45 0.10234375 0.15625 0.2046875
0 0.01953125 0.18125 0.0390625 0.171875
0 0.2375 0.028125 0.04375 0.05625
0 0.2640625 0.03359375 0.034375 0.0671875
0 0.3625 0.028125 0.0375 0.05625
0 0.88203125 0.25 0.2359375 0.5
0 0.36015625 0.69765625 0.3546875 0.3953125