0 0.3734375 0.01328125 0.0625 0.0265625
0 0.17890625 0.38359375 0.065625 0.125
0 0.05 0.2921875 0.1 0.11875
0 0.1171875 0.3796875 0.0546875 0.0796875
0 0.2203125 0.21015625 0.0796875 0.134375
0 0.303125 0.25078125 0.0609375 0.11875
0 0.40546875 0.15 0.078125 0.2328125
0 0.45703125 0.09765625 0.0640625 0.1953125
0 0.42265625 0.646875 0.0640625 0.065625
0 0.4703125 0.615625 0.0375 0.103125
0 0.42734375 0.559375 0.05625 0.096875
0 0.45 0.4640625 0.0640625 0.1015625
0 0.44765625 0.3484375 0.0828125 0.1
0 0.4671875 0.275 0.04375 0.125
0 0.3875 0.43046875 0.0578125 0.1390625
0 0.3296875 0.39375 0.071875 0.1359375
0 0.36171875 0.540625 0.0609375 0.1140625
0 0.30546875 0.4875 0.0609375 0.0828125
0 0.2859375 0.55234375 0.05 0.084375
0 0.23671875 0.6203125 0.0765625 0.11875
0 0.1703125 0.5234375 0.0796875 0.0921875
0 0.07890625 0.465625 0.096875 0.1359375
0 0.02109375 0.4453125 0.0421875 0.096875
0 0.08359375 0.1625 0.109375 0.1875
0 0.26953125 0.10234375 0.06875 0.11875
0 0.32890625 0.09921875 0.078125 0.121875
0 0.01875 0.16796875 0.0375 0.1109375
0 0.02421875 0.0421875 0.0484375 0.084375
0 0.0140625 0.02890625 0.028125 0.0578125
0 0.02734375 0.09375 0.0546875 0.115625
0 0.06484375 0.56953125 0.115625 0.1140625
0 0.0875 0.66484375 0.05625 0.0296875
0 0.1734375 0.63203125 0.1 0.0953125
0 0.36875 0.66796875 0.05625 0.0234375
0 0.2875 0.66328125 0.075 0.0328125
0 0.92421875 0.26171875 0.1515625 0.2578125
0 0.10078125 0.9640625 0.1265625 0.071875
0 0.02421875 0.94609375 0.0484375 0.1078125
0 0.06328125 0.87421875 0.109375 0.096875
0 0.01953125 0.85078125 0.0390625 0.1359375
0 0.01640625 0.8921875 0.0328125 0.071875
0 0.22109375 0.834375 0.0796875 0.0625
0 0.27578125 0.87578125 0.09375 0.1125
0 0.15234375 0.93359375 0.05 0.1046875
0 0.02578125 0.79765625 0.0515625 0.1078125
0 0.028125 0.8625 0.05625 0.109375
0 0.44609375 0.953125 0.0859375 0.09375
0 0.3453125 0.9515625 0.13125 0.096875
0 0.45625 0.8375 0.065625 0.0625
0 0.13046875 0.7734375 0.06875 0.0640625
0 0.109375 0.70234375 0.053125 0.0453125
0 0.70078125 0.83984375 0.4234375 0.3203125