0 0.31796875 0.6265625 0.0640625 0.10625
0 0.15390625 0.6671875 0.0578125 0.025
0 0.00703125 0.1609375 0.0140625 0.08125
0 0.29921875 0.3375 0.0296875 0.0796875
0 0.309375 0.4625 0.05 0.140625
0 0.275 0.234375 0.028125 0.075
0 0.0671875 0.434375 0.0515625 0.175
0 0.0140625 0.1296875 0.028125 0.115625
0 0.00625 0.06953125 0.0125 0.0609375
0 0.2265625 0.11328125 0.0265625 0.0765625
0 0.26484375 0.3078125 0.03125 0.0703125
0 0.35234375 0.45078125 0.0140625 0.1359375
0 0.009375 0.309375 0.01875 0.115625
0 0.0484375 0.084375 0.0171875 0.0375
0 0.24921875 0.62109375 0.0390625 0.1171875
0 0.3359375 0.41171875 0.0296875 0.084375
0 0.0109375 0.3203125 0.021875 0.13125
0 0.01640625 0.41640625 0.0328125 0.2609375
0 0.34921875 0.1921875 0.0203125 0.059375
0 0.10859375 0.17265625 0.0203125 0.0484375
0 0.0953125 0.20546875 0.021875 0.053125
0 0.203125 0.090625 0.01875 0.0484375
0 0.31953125 0.14921875 0.03125 0.1046875
0 0.29140625 0.1484375 0.028125 0.09375
0 0.00625 0.23984375 0.0125 0.0671875
0 0.17578125 0.090625 0.01875 0.0484375
0 0.00546875 0.1484375 0.0109375 0.0625
0 0.02109375 0.4875 0.0421875 0.240625
0 0.02265625 0.60859375 0.0453125 0.1421875
0 0.05078125 0.60625 0.1015625 0.146875
0 0.1890625 0.63046875 0.028125 0.075
0 0.128125 0.615625 0.0375 0.09375
0 0.16171875 0.625 0.0296875 0.0875
0 0.17421875 0.52734375 0.025 0.1171875
0 0.11953125 0.51328125 0.0453125 0.090625
0 0.22578125 0.36328125 0.0453125 0.1734375
0 0.2640625 0.37109375 0.0453125 0.1953125
0 0.353125 0.34296875 0.0125 0.0734375
0 0.340625 0.29296875 0.0375 0.1109375
0 0.11796875 0.4359375 0.0359375 0.065625
0 0.10390625 0.278125 0.0421875 0.0921875
0 0.02109375 0.2234375 0.0421875 0.140625
0 0.0109375 0.2703125 0.021875 0.09375
0 0.00859375 0.275 0.0171875 0.15625
0 0.0078125 0.10390625 0.015625 0.1421875
0 0.015625 0.61875 0.03125 0.121875
0 0.01171875 0.15390625 0.0234375 0.1390625
0 0.0109375 0.08515625 0.021875 0.1453125
0 0.00703125 0.08125 0.0140625 0.115625
0 0.33515625 0.06328125 0.0421875 0.0453125
0 0.2578125 0.09375 0.025 0.090625
0 0.128125 0.03671875 0.025 0.0734375
0 0.08828125 0.15546875 0.025 0.059375
0 0.15625 0.27109375 0.0234375 0.075
0 0.146875 0.3390625 0.0328125 0.059375
0 0.10625 0.36171875 0.025 0.0734375
0 0.19921875 0.3078125 0.0328125 0.09375
0 0.05 0.3171875 0.06875 0.0890625
0 0.01015625 0.3625 0.0203125 0.071875
0 0.00625 0.02734375 0.0125 0.0546875
0 0.0734375 0.078125 0.0140625 0.0453125
0 0.15078125 0.39296875 0.0375 0.0796875
0 0.00703125 0.1046875 0.0140625 0.071875
0 0.0046875 0.20078125 0.009375 0.0390625
0 0.00625 0.040625 0.0125 0.075
0 0.3984375 0.52265625 0.078125 0.3140625
0 0.79609375 0.24140625 0.2015625 0.4828125
0 0.61953125 0.571875 0.3140625 0.215625
0 0.1796875 0.83984375 0.359375 0.3203125
0 0.65234375 0.83984375 0.3859375 0.3203125