0 0.253125 0.31328125 0.04375 0.1125
0 0.3671875 0.2875 0.0359375 0.103125
0 0.36953125 0.80078125 0.2 0.390625
0 0.42734375 0.54609375 0.09375 0.2375
0 0.44296875 0.35 0.1328125 0.2203125
0 0.5671875 0.34609375 0.09375 0.171875
0 0.65703125 0.3390625 0.084375 0.15625
0 0.69453125 0.48984375 0.0828125 0.2421875
0 0.5640625 0.91953125 0.1890625 0.1609375
0 0.5875 0.72734375 0.1875 0.3453125
0 0.846875 0.871875 0.15625 0.25625
0 0.76484375 0.684375 0.15625 0.215625
0 0.846875 0.56640625 0.1671875 0.2734375
0 0.86875 0.30546875 0.196875 0.2765625
0 0.59296875 0.11875 0.0703125 0.115625
0 0.5703125 0.03125 0.0515625 0.0625
0 0.64140625 0.04921875 0.0625 0.0984375
0 0.65625 0.1703125 0.1171875 0.16875
0 0.725 0.13125 0.0671875 0.0984375
0 0.8046875 0.09296875 0.128125 0.1453125
0 0.28515625 0.46328125 0.1609375 0.3796875
0 0.53828125 0.1765625 0.0828125 0.1703125
0 0.45625 0.1484375 0.0796875 0.2015625
0 0.52421875 0.053125 0.053125 0.0859375
0 0.4734375 0.034375 0.0515625 0.06875
0 0.38828125 0.14375 0.059375 0.159375
0 0.321875 0.16875 0.0640625 0.134375
0 0.2359375 0.19765625 0.0734375 0.1171875
0 0.2078125 0.09453125 0.0953125 0.125
0 0.12734375 0.36484375 0.0671875 0.2125
0 0.178125 0.2921875 0.0578125 0.1578125
0 0.1515625 0.19296875 0.0640625 0.0890625
0 0.071875 0.20546875 0.0890625 0.1734375
0 0.15859375 0.79765625 0.18125 0.3
0 0.0796875 0.61015625 0.159375 0.3015625