0 0.55703125 0.04375 0.0578125 0.0875
0 0.60859375 0.0734375 0.0328125 0.084375
0 0.69296875 0.15078125 0.0390625 0.128125
0 0.6265625 0.16796875 0.034375 0.0921875
0 0.6953125 0.03828125 0.0375 0.0765625
0 0.571875 0.1984375 0.040625 0.1046875
0 0.5578125 0.13125 0.0484375 0.0984375
0 0.85234375 0.8515625 0.1125 0.115625
0 0.67578125 0.74375 0.109375 0.1953125
0 0.76640625 0.60625 0.1140625 0.1375
0 0.746875 0.15625 0.0671875 0.0828125
0 0.76484375 0.05546875 0.078125 0.103125
0 0.42109375 0.4671875 0.0484375 0.0859375
0 0.6578125 0.3375 0.090625 0.1015625
0 0.6453125 0.48203125 0.0578125 0.0953125
0 0.528125 0.46875 0.0515625 0.0734375
0 0.42109375 0.31875 0.0453125 0.0734375
0 0.49375 0.5546875 0.0765625 0.0859375
0 0.78984375 0.421875 0.0703125 0.1078125
0 0.8078125 0.50078125 0.071875 0.08125
0 0.71484375 0.38671875 0.0484375 0.0640625
0 0.47890625 0.071875 0.0796875 0.121875