0 0.28828125 0.60234375 0.0921875 0.2734375
0 0.75 0.16953125 0.06875 0.1609375
0 0.50546875 0.48828125 0.078125 0.1625
0 0.740625 0.39609375 0.090625 0.3328125
0 0.440625 0.07265625 0.053125 0.14375
0 0.40078125 0.22890625 0.059375 0.103125
0 0.80390625 0.41015625 0.065625 0.359375
0 0.61328125 0.0546875 0.059375 0.109375
0 0.553125 0.0921875 0.046875 0.0984375
0 0.8625 0.13515625 0.0390625 0.078125
0 0.34375 0.0671875 0.0625 0.134375
0 0.59140625 0.37890625 0.15625 0.4109375
0 0.95546875 0.2359375 0.040625 0.1765625
0 0.15390625 0.65234375 0.0546875 0.171875
0 0.37890625 0.38828125 0.0453125 0.1125
0 0.40546875 0.35390625 0.0359375 0.1375
0 0.50390625 0.28515625 0.0375 0.1125
0 0.88984375 0.48671875 0.034375 0.2203125
0 0.87421875 0.3453125 0.0390625 0.0765625
0 0.91328125 0.32421875 0.0515625 0.15625