0 0.1109375 0.4734375 0.221875 0.43125
0 0.86953125 0.25703125 0.2609375 0.5140625
0 0.77265625 0.51484375 0.0515625 0.0921875
0 0.2953125 0.71484375 0.040625 0.0515625
0 0.0109375 0.73359375 0.021875 0.0890625
0 0.36875 0.703125 0.015625 0.028125
0 0.121875 0.7015625 0.01875 0.025
0 0.12265625 0.69609375 0.0109375 0.0140625
0 0.196875 0.70859375 0.015625 0.0390625
0 0.70859375 0.70390625 0.0140625 0.0296875
0 0.67890625 0.7046875 0.0171875 0.03125
0 0.39609375 0.7046875 0.0140625 0.03125
0 0.46484375 0.6984375 0.0140625 0.01875
0 0.4671875 0.6984375 0.0125 0.01875
0 0.4140625 0.70546875 0.0125 0.0328125
0 0.46875 0.7046875 0.01875 0.03125
0 0.47734375 0.6984375 0.0109375 0.01875
0 0.41796875 0.69921875 0.0109375 0.0203125
0 0.39375 0.696875 0.009375 0.015625
0 0.39765625 0.696875 0.0078125 0.015625
0 0.4140625 0.709375 0.01875 0.040625
0 0.43046875 0.69765625 0.0140625 0.0171875
0 0.67578125 0.8046875 0.0109375 0.0484375
0 0.596875 0.7125 0.015625 0.046875
0 0.621875 0.7046875 0.015625 0.03125
0 0.86953125 0.84453125 0.2609375 0.3109375