0 0.05859375 0.6375 0.075 0.2609375
0 0.11875 0.62421875 0.0546875 0.2734375
0 0.1625 0.7515625 0.0390625 0.078125
0 0.9125 0.4828125 0.0390625 0.215625
0 0.70546875 0.53828125 0.0578125 0.2578125
0 0.309375 0.59453125 0.08125 0.334375
0 0.91953125 0.290625 0.0421875 0.2
0 0.58046875 0.553125 0.0515625 0.2828125
0 0.3859375 0.66328125 0.046875 0.1484375
0 0.8484375 0.50234375 0.0578125 0.2421875
0 0.98203125 0.47109375 0.0359375 0.2078125
0 0.7609375 0.52265625 0.0546875 0.2578125
0 0.80390625 0.5015625 0.046875 0.2546875
0 0.51015625 0.56953125 0.0984375 0.359375
0 0.45 0.5984375 0.0703125 0.25
0 0.19296875 0.65625 0.0703125 0.215625
0 0.23046875 0.5625 0.0921875 0.1609375
0 0.6453125 0.57109375 0.0671875 0.25625
0 0.9828125 0.2921875 0.034375 0.1546875
0 0.9734375 0.1765625 0.028125 0.10625
0 0.94921875 0.21484375 0.025 0.0859375
0 0.95390625 0.31015625 0.0234375 0.15
0 0.86796875 0.21875 0.03125 0.1078125
0 0.83671875 0.2359375 0.03125 0.1140625
0 0.77578125 0.30390625 0.025 0.1890625
0 0.8015625 0.2765625 0.03125 0.178125
0 0.75 0.2921875 0.0328125 0.1703125
0 0.71796875 0.315625 0.0203125 0.0984375
0 0.69765625 0.3140625 0.0171875 0.065625
0 0.3921875 0.5140625 0.0390625 0.15
0 0.13125 0.425 0.025 0.1484375
0 0.1546875 0.48046875 0.025 0.14375
0 0.03203125 0.43828125 0.0515625 0.1796875