0 0.50703125 0.0265625 0.0625 0.053125
0 0.31171875 0.40859375 0.065625 0.125
0 0.17421875 0.3171875 0.11875 0.11875
0 0.25 0.4046875 0.0546875 0.0796875
0 0.353125 0.23515625 0.0796875 0.134375
0 0.4359375 0.27578125 0.0609375 0.11875
0 0.53828125 0.175 0.078125 0.2328125
0 0.60234375 0.1171875 0.0859375 0.20625
0 0.67890625 0.13671875 0.065625 0.203125
0 0.7328125 0.19296875 0.078125 0.1921875
0 0.81015625 0.13515625 0.0671875 0.1328125
0 0.87109375 0.0953125 0.05 0.153125
0 0.55625 0.6953125 0.065625 0.1125
0 0.61484375 0.64140625 0.059375 0.1046875
0 0.56015625 0.584375 0.0578125 0.096875
0 0.5828125 0.4890625 0.0625 0.1015625
0 0.59296875 0.37421875 0.10625 0.1015625
0 0.6328125 0.3 0.109375 0.125
0 0.5203125 0.45546875 0.0578125 0.1390625
0 0.4625 0.41875 0.071875 0.1359375
0 0.49453125 0.565625 0.0609375 0.1140625
0 0.43828125 0.5125 0.0609375 0.0828125
0 0.41875 0.57734375 0.05 0.084375
0 0.3703125 0.64609375 0.0765625 0.11875
0 0.303125 0.5484375 0.078125 0.0921875
0 0.21171875 0.490625 0.0953125 0.1359375
0 0.13984375 0.47109375 0.0734375 0.0984375
0 0.21640625 0.1875 0.109375 0.1875
0 0.40234375 0.12734375 0.06875 0.11875
0 0.46171875 0.12421875 0.078125 0.1234375
0 0.1296875 0.19296875 0.075 0.1109375
0 0.13828125 0.0546875 0.0859375 0.109375
0 0.0625 0.04296875 0.05625 0.08125
0 0.0640625 0.11953125 0.109375 0.1171875
0 0.19765625 0.59453125 0.115625 0.1140625
0 0.17421875 0.7640625 0.059375 0.0703125
0 0.22109375 0.7109375 0.05625 0.0703125
0 0.30703125 0.6921875 0.1 0.1640625
0 0.50234375 0.728125 0.0578125 0.09375
0 0.4203125 0.71640625 0.075 0.0890625
0 0.1765625 0.8640625 0.1 0.10625
0 0.20078125 0.95390625 0.0546875 0.0921875
0 0.25625 0.95625 0.0578125 0.0859375
0 0.2671875 0.86796875 0.0578125 0.0828125
0 0.31328125 0.81171875 0.075 0.078125
0 0.43984375 0.92734375 0.075 0.1125
0 0.45703125 0.8125 0.0890625 0.1125
0 0.53671875 0.928125 0.0875 0.10625
0 0.53828125 0.82578125 0.0578125 0.09375
0 0.79765625 0.2625 0.0875 0.1046875
0 0.82890625 0.2984375 0.0828125 0.0859375
0 0.8796875 0.30390625 0.08125 0.0546875
0 0.9359375 0.2875 0.059375 0.0671875