0 0.14765625 0.021875 0.0578125 0.04375
0 0.19921875 0.0203125 0.0328125 0.040625
0 0.2828125 0.03203125 0.0375 0.0640625
0 0.21640625 0.02265625 0.0328125 0.0453125
0 0.2859375 0.01875 0.0375 0.0375
0 0.1625 0.02578125 0.040625 0.0515625
0 0.14765625 0.02421875 0.0484375 0.0484375
0 0.33671875 0.0203125 0.0671875 0.040625
0 0.3546875 0.02578125 0.078125 0.0515625
0 0.0171875 0.26171875 0.034375 0.0859375
0 0.2484375 0.1328125 0.0921875 0.1015625
0 0.2359375 0.27734375 0.0578125 0.0953125
0 0.11875 0.2640625 0.0515625 0.0734375
0 0.01640625 0.11328125 0.0328125 0.0734375
0 0.08359375 0.328125 0.0765625 0.04375
0 0.38046875 0.2171875 0.0703125 0.10625
0 0.3984375 0.29609375 0.071875 0.08125
0 0.30546875 0.18203125 0.0484375 0.0640625
0 0.06953125 0.03046875 0.0796875 0.0609375
0 0.9484375 0.175 0.103125 0.35
0 0.70546875 0.03515625 0.0828125 0.0703125
0 0.04609375 0.675 0.0921875 0.65
0 0.14609375 0.675 0.2921875 0.65
0 0.47890625 0.71328125 0.1796875 0.5734375
0 0.40546875 0.85546875 0.1453125 0.2890625
0 0.05859375 0.7390625 0.1171875 0.521875
0 0.02109375 0.88203125 0.0421875 0.2359375
0 0.31484375 0.8421875 0.1046875 0.315625
0 0.871875 0.71484375 0.25625 0.5703125