0 0.01875 0.32421875 0.0375 0.2609375
0 0.01328125 0.3109375 0.0265625 0.275
0 0.009375 0.43828125 0.01875 0.0765625
0 0.37109375 0.22578125 0.0578125 0.2578125
0 0.0203125 0.28125 0.040625 0.334375
0 0.24609375 0.240625 0.053125 0.284375
0 0.0515625 0.35078125 0.046875 0.15
0 0.40859375 0.209375 0.0203125 0.259375
0 0.17578125 0.25703125 0.0984375 0.3609375
0 0.115625 0.2859375 0.0703125 0.2515625
0 0.0171875 0.34375 0.034375 0.215625
0 0.02265625 0.24921875 0.0453125 0.1609375
0 0.3109375 0.25859375 0.0671875 0.25625
0 0.40859375 0.0421875 0.0203125 0.084375
0 0.3828125 0.02578125 0.01875 0.0515625
0 0.36328125 0.0171875 0.0171875 0.034375
0 0.0578125 0.2015625 0.0390625 0.15
0 0.00625 0.11171875 0.0125 0.1484375
0 0.00546875 0.1671875 0.0109375 0.14375
0 0.0125 0.12578125 0.025 0.1796875
0 0.459375 0.09375 0.08125 0.1875
0 0.54296875 0.0953125 0.06875 0.16875
0 0.61171875 0.08828125 0.0671875 0.1375
0 0.70625 0.0453125 0.078125 0.090625
0 0.87890625 0.13515625 0.2421875 0.2703125
0 0.9375 0.3375 0.0515625 0.1640625
0 0.9640625 0.39765625 0.028125 0.09375
0 0.98515625 0.353125 0.0296875 0.11875
0 0.96484375 0.4828125 0.0703125 0.14375
0 0.85625 0.31796875 0.046875 0.1328125
0 0.85078125 0.40078125 0.0265625 0.059375
0 0.8859375 0.384375 0.053125 0.140625
0 0.79296875 0.1828125 0.0484375 0.0828125
0 0.7796875 0.24609375 0.065625 0.115625
0 0.7640625 0.3171875 0.0609375 0.08125
0 0.771875 0.36875 0.028125 0.0578125
0 0.80390625 0.36640625 0.046875 0.1046875
0 0.875 0.51640625 0.040625 0.0984375
0 0.91171875 0.48515625 0.0359375 0.09375
0 0.9796875 0.5765625 0.028125 0.065625
0 0.93828125 0.55625 0.040625 0.075
0 0.91328125 0.57890625 0.0390625 0.0609375
0 0.72578125 0.38828125 0.0421875 0.084375
0 0.71015625 0.21796875 0.0421875 0.121875
0 0.703125 0.30859375 0.04375 0.0796875
0 0.646875 0.18984375 0.06875 0.1265625
0 0.5953125 0.1953125 0.0328125 0.0828125
0 0.65546875 0.2734375 0.046875 0.1046875
0 0.6140625 0.278125 0.046875 0.0859375
0 0.63515625 0.353125 0.0359375 0.084375
0 0.6734375 0.41328125 0.0390625 0.1140625
0 0.6140625 0.42421875 0.0578125 0.0953125
0 0.56171875 0.33515625 0.0734375 0.2
0 0.5125 0.31953125 0.0328125 0.0890625
0 0.51171875 0.22265625 0.0953125 0.1171875
0 0.47109375 0.26953125 0.040625 0.06875
0 0.4859375 0.35859375 0.0359375 0.0921875
0 0.48671875 0.4359375 0.0546875 0.090625
0 0.43125 0.51015625 0.025 0.1140625
0 0.628125 0.5203125 0.053125 0.1046875
0 0.66171875 0.47734375 0.028125 0.0546875
0 0.7046875 0.47734375 0.053125 0.1
0 0.75234375 0.46640625 0.05 0.0953125
0 0.7671875 0.4203125 0.03125 0.0625
0 0.8140625 0.4546875 0.04375 0.11875
0 0.71015625 0.55390625 0.046875 0.09375
0 0.68203125 0.5984375 0.0359375 0.021875
0 0.58359375 0.55 0.0390625 0.11875
0 0.5390625 0.48984375 0.040625 0.0796875
0 0.578125 0.48671875 0.025 0.0515625
0 0.5765625 0.44609375 0.025 0.0390625
0 0.87265625 0.58359375 0.0421875 0.0515625
0 0.37109375 0.63203125 0.0421875 0.0453125
0 0.07109375 0.8 0.1421875 0.38125
0 0.03984375 0.7625 0.0796875 0.30625
0 0.06796875 0.703125 0.1078125 0.1875
0 0.19140625 0.72734375 0.1171875 0.2359375
0 0.271875 0.7265625 0.090625 0.234375
0 0.021875 0.67421875 0.04375 0.1296875
0 0.89609375 0.8359375 0.2078125 0.328125