0 0.2640625 0.69296875 0.06875 0.2765625
0 0.8046875 0.34765625 0.053125 0.184375
0 0.403125 0.25625 0.0390625 0.15625
0 0.2921875 0.490625 0.0390625 0.1546875
0 0.71875 0.3390625 0.0546875 0.1640625
0 0.18828125 0.2296875 0.0609375 0.1296875
0 0.5421875 0.7265625 0.0390625 0.1109375
0 0.49140625 0.2515625 0.053125 0.1875
0 0.11328125 0.815625 0.034375 0.15
0 0.63515625 0.67890625 0.04375 0.1625
0 0.58671875 0.209375 0.065625 0.209375
0 0.64296875 0.8796875 0.0421875 0.221875
0 0.6046875 0.42109375 0.0671875 0.2703125
0 0.0625 0.746875 0.0703125 0.2984375
0 0.43515625 0.8953125 0.0703125 0.20625
0 0.328125 0.47109375 0.0390625 0.153125
0 0.12734375 0.94375 0.046875 0.1125
0 0.425 0.67578125 0.053125 0.1796875
0 0.52734375 0.4515625 0.0578125 0.2671875
0 0.49765625 0.871875 0.0515625 0.2078125
0 0.328125 0.25546875 0.0359375 0.146875
0 0.10703125 0.6734375 0.040625 0.1375
0 0.7609375 0.7796875 0.028125 0.0984375
0 0.9671875 0.17578125 0.0640625 0.3140625
0 0.78671875 0.0890625 0.0765625 0.178125
0 0.25078125 0.49921875 0.0375 0.11875
0 0.88828125 0.65546875 0.0421875 0.171875
0 0.3484375 0.78515625 0.096875 0.1640625
0 0.3546875 0.92421875 0.084375 0.1515625
0 0.19296875 0.55234375 0.0734375 0.3640625
0 0.03046875 0.4640625 0.0609375 0.2109375
0 0.05 0.3421875 0.0671875 0.2171875
0 0.04921875 0.140625 0.0578125 0.1671875
0 0.08828125 0.103125 0.0796875 0.20625
0 0.28828125 0.190625 0.0609375 0.23125
0 0.3640625 0.15 0.0578125 0.2625
0 0.71015625 0.14296875 0.0453125 0.2171875
0 0.61953125 0.09296875 0.08125 0.1859375
0 0.7375 0.9109375 0.0828125 0.178125
0 0.8140625 0.8828125 0.0671875 0.215625
0 0.878125 0.8703125 0.0578125 0.2578125
0 0.81875 0.6625 0.05625 0.1796875
0 0.58203125 0.93828125 0.0765625 0.1234375
0 0.95703125 0.70078125 0.0859375 0.3515625
0 0.67109375 0.72109375 0.0390625 0.2484375
0 0.7421875 0.59140625 0.0921875 0.2265625
0 0.8578125 0.5109375 0.05 0.1234375
0 0.95 0.421875 0.1 0.1921875