0 0.00859375 0.03125 0.0171875 0.0625
0 0.0109375 0.0421875 0.021875 0.084375
0 0.009375 0.01484375 0.01875 0.0296875
0 0.053125 0.240625 0.075 0.2375
0 0.08125 0.14609375 0.0734375 0.21875
0 0.15625 0.25703125 0.103125 0.2046875
0 0.175 0.1515625 0.0484375 0.1328125
0 0.24453125 0.153125 0.090625 0.215625
0 0.33203125 0.13671875 0.0625 0.1609375
0 0.3859375 0.1515625 0.0515625 0.190625
0 0.4421875 0.175 0.034375 0.171875
0 0.4328125 0.06328125 0.053125 0.1265625
0 0.33671875 0.05 0.1203125 0.1
0 0.1859375 0.034375 0.071875 0.06875
0 0.03515625 0.0625 0.0703125 0.125
0 0.10390625 0.0671875 0.0796875 0.134375
0 0.0125 0.26953125 0.025 0.1546875
0 0.015625 0.17734375 0.03125 0.2296875
0 0.01328125 0.1828125 0.0265625 0.1625
0 0.01796875 0.1171875 0.0359375 0.234375
0 0.01171875 0.19375 0.0234375 0.178125
0 0.0125 0.06328125 0.025 0.1265625
0 0.0171875 0.05390625 0.034375 0.1078125
0 0.01328125 0.04609375 0.0265625 0.0921875
0 0.00859375 0.02265625 0.0171875 0.0453125
0 0.28046875 0.025 0.0546875 0.05
0 0.2078125 0.028125 0.05 0.05625
0 0.22890625 0.02890625 0.0453125 0.0578125
0 0.03984375 0.0265625 0.0671875 0.053125
0 0.0125 0.01875 0.025 0.0375
0 0.01328125 0.03046875 0.0265625 0.0609375
0 0.53046875 0.15625 0.1421875 0.3125
0 0.15625 0.62109375 0.3125 0.5234375
0 0.5046875 0.68671875 0.090625 0.3765625
0 0.5125 0.69921875 0.10625 0.5390625
0 0.5625 0.73984375 0.16875 0.50625
0 0.65546875 0.75078125 0.1171875 0.4515625
0 0.8140625 0.7328125 0.225 0.4140625
0 0.94609375 0.853125 0.103125 0.1359375