0 0.059375 0.12109375 0.0359375 0.125
0 0.02890625 0.1640625 0.0453125 0.1703125
0 0.86328125 0.3546875 0.0515625 0.196875
0 0.73671875 0.92109375 0.04375 0.1578125
0 0.85625 0.1921875 0.046875 0.1625
0 0.83046875 0.046875 0.03125 0.0828125
0 0.7734375 0.36953125 0.04375 0.1453125
0 0.0203125 0.03046875 0.0375 0.0609375
0 0.7953125 0.2828125 0.059375 0.228125
0 0.603125 0.7796875 0.196875 0.4296875
0 0.4796875 0.803125 0.128125 0.39375
0 0.84375 0.91875 0.0609375 0.1609375
0 0.8921875 0.87265625 0.071875 0.203125
0 0.9625 0.7921875 0.075 0.415625
0 0.8046875 0.7859375 0.0984375 0.3671875
0 0.8921875 0.6765625 0.08125 0.16875
0 0.88828125 0.5234375 0.084375 0.1796875
0 0.9546875 0.396875 0.090625 0.3453125
0 0.95390625 0.2015625 0.0859375 0.2234375
0 0.88671875 0.10625 0.0984375 0.2109375
0 0.9703125 0.07578125 0.040625 0.1046875
0 0.75 0.71015625 0.0609375 0.1953125
0 0.29140625 0.87734375 0.1109375 0.2390625
0 0.203125 0.8765625 0.0703125 0.215625
0 0.134375 0.875 0.075 0.2296875
0 0.05703125 0.82578125 0.103125 0.3484375
0 0.16171875 0.6640625 0.08125 0.2296875
0 0.23359375 0.6765625 0.0734375 0.1640625
0 0.31953125 0.5390625 0.0765625 0.334375
0 0.346875 0.39609375 0.0734375 0.21875
0 0.421875 0.5234375 0.103125 0.2375
0 0.440625 0.4015625 0.05 0.1328125
0 0.51015625 0.403125 0.090625 0.215625
0 0.59765625 0.38671875 0.0625 0.1609375
0 0.6515625 0.4015625 0.0515625 0.190625
0 0.7375 0.42578125 0.09375 0.171875
0 0.72109375 0.21640625 0.0984375 0.253125
0 0.603125 0.21875 0.121875 0.2
0 0.45234375 0.22421875 0.071875 0.1375
0 0.2921875 0.28046875 0.0890625 0.190625
0 0.3703125 0.29375 0.0796875 0.1828125
0 0.24375 0.5203125 0.0515625 0.1546875
0 0.165625 0.428125 0.0640625 0.2296875
0 0.22421875 0.4328125 0.053125 0.1625
0 0.05546875 0.35390625 0.0734375 0.2640625
0 0.11171875 0.44453125 0.0484375 0.178125
0 0.1015625 0.31328125 0.053125 0.128125
0 0.1265625 0.2265625 0.0703125 0.215625
0 0.1921875 0.21796875 0.05625 0.1859375
0 0.23984375 0.1859375 0.0375 0.09375
0 0.546875 0.05625 0.0546875 0.1
0 0.47421875 0.17109375 0.05 0.1125
0 0.4953125 0.109375 0.046875 0.115625
0 0.30625 0.0671875 0.0671875 0.1078125
0 0.24140625 0.04140625 0.05 0.0765625
0 0.1453125 0.10859375 0.053125 0.121875