0 0.00859375 0.03125 0.0171875 0.0625
0 0.0109375 0.0421875 0.021875 0.084375
0 0.42890625 0.13125 0.0515625 0.196875
0 0.421875 0.040625 0.046875 0.08125
0 0.3953125 0.0203125 0.03125 0.040625
0 0.3390625 0.14609375 0.04375 0.1453125
0 0.009375 0.01484375 0.01875 0.0296875
0 0.3609375 0.08671875 0.059375 0.1734375
0 0.16875 0.46484375 0.196875 0.2484375
0 0.0546875 0.4859375 0.109375 0.20625
0 0.36953125 0.48359375 0.0984375 0.2109375
0 0.4484375 0.45234375 0.0625 0.1703125
0 0.4453125 0.29921875 0.06875 0.1796875
0 0.44140625 0.05234375 0.0765625 0.1046875
0 0.315625 0.48671875 0.0609375 0.196875
0 0.02578125 0.50859375 0.0515625 0.1609375
0 0.01953125 0.43984375 0.0390625 0.2296875
0 0.01796875 0.45234375 0.0359375 0.1640625
0 0.01875 0.31484375 0.0375 0.3328125
0 0.01796875 0.171875 0.0359375 0.21875
0 0.02578125 0.29921875 0.0515625 0.2359375
0 0.01484375 0.17734375 0.0296875 0.1328125
0 0.07578125 0.1796875 0.090625 0.215625
0 0.16328125 0.16328125 0.0625 0.1609375
0 0.2171875 0.178125 0.0515625 0.190625
0 0.303125 0.20234375 0.09375 0.171875
0 0.28671875 0.06328125 0.0984375 0.1265625
0 0.16796875 0.05 0.1203125 0.1
0 0.0265625 0.034375 0.053125 0.06875
0 0.021875 0.07578125 0.04375 0.1515625
0 0.01953125 0.08046875 0.0390625 0.1609375
0 0.0125 0.29609375 0.025 0.1546875
0 0.015625 0.20390625 0.03125 0.2296875
0 0.01328125 0.209375 0.0265625 0.1625
0 0.01796875 0.13046875 0.0359375 0.2609375
0 0.01171875 0.2203125 0.0234375 0.178125
0 0.0125 0.0890625 0.025 0.128125
0 0.0171875 0.05546875 0.034375 0.1109375
0 0.01328125 0.04609375 0.0265625 0.0921875
0 0.00859375 0.02265625 0.0171875 0.0453125
0 0.11171875 0.025 0.0546875 0.05
0 0.0390625 0.028125 0.05 0.05625
0 0.06015625 0.02890625 0.0453125 0.0578125
0 0.01640625 0.0265625 0.0328125 0.053125
0 0.0125 0.01875 0.025 0.0375
0 0.01328125 0.03046875 0.0265625 0.0609375
0 0.51875 0.13671875 0.078125 0.2734375
0 0.5046875 0.11171875 0.05 0.2234375
0 0.49296875 0.32734375 0.0265625 0.2234375
0 0.49453125 0.2390625 0.0296875 0.425
0 0.4890625 0.34140625 0.01875 0.1296875
0 0.4875 0.32890625 0.015625 0.1203125
0 0.48984375 0.3359375 0.0203125 0.1125
0 0.48984375 0.3640625 0.0203125 0.1875
0 0.52109375 0.33828125 0.078125 0.4046875
0 0.565625 0.321875 0.0671875 0.31875
0 0.6328125 0.26796875 0.0734375 0.365625
0 0.62265625 0.05078125 0.0578125 0.1015625
0 0.7578125 0.0859375 0.059375 0.171875
0 0.71640625 0.39140625 0.071875 0.3734375
0 0.7625 0.3921875 0.0625 0.39375
0 0.81171875 0.33203125 0.071875 0.38125
0 0.83984375 0.05625 0.0578125 0.1125
0 0.88046875 0.21640625 0.071875 0.346875
0 0.95625 0.3078125 0.0875 0.5125
0 0.1734375 0.7203125 0.346875 0.2625
0 0.9265625 0.81796875 0.146875 0.3640625