0 0.01875 0.06484375 0.0375 0.1296875
0 0.01328125 0.06796875 0.0265625 0.1359375
0 0.009375 0.08828125 0.01875 0.0765625
0 0.05625 0.0828125 0.08125 0.165625
0 0.3265625 0.0703125 0.053125 0.140625
0 0.13203125 0.0375 0.0453125 0.075
0 0.25703125 0.08984375 0.0984375 0.1796875
0 0.19609375 0.0625 0.0703125 0.125
0 0.0171875 0.05390625 0.034375 0.1078125
0 0.02265625 0.03984375 0.0453125 0.0796875
0 0.38359375 0.06328125 0.0515625 0.1265625
0 0.13828125 0.03671875 0.0390625 0.0734375
0 0.00625 0.03671875 0.0125 0.0734375
0 0.00546875 0.0359375 0.0109375 0.071875
0 0.0125 0.04453125 0.025 0.0890625
0 0.74296875 0.13984375 0.5140625 0.2796875
0 0.028125 0.8453125 0.05625 0.309375
0 0.06875 0.809375 0.1375 0.38125
0 0.259375 0.78359375 0.23125 0.4328125
0 0.7203125 0.66796875 0.559375 0.6640625