0 0.03359375 0.028125 0.0421875 0.05625
0 0.14765625 0.025 0.0359375 0.05
0 0.15 0.36015625 0.2 0.2984375
0 0.20859375 0.15234375 0.09375 0.2375
0 0.2234375 0.0546875 0.134375 0.109375
0 0.325 0.0421875 0.05 0.084375
0 0.3 0.47734375 0.1 0.0640625
0 0.3125 0.33359375 0.075 0.3453125
0 0.3375 0.015625 0.025 0.03125
0 0.07265625 0.1296875 0.1453125 0.259375
0 0.3140625 0.0421875 0.071875 0.084375
0 0.23671875 0.05 0.0796875 0.1
0 0.3046875 0.02109375 0.053125 0.0421875
0 0.25390625 0.01640625 0.0515625 0.0328125
0 0.16875 0.03984375 0.059375 0.0796875
0 0.10234375 0.0328125 0.0640625 0.065625
0 0.0265625 0.02890625 0.053125 0.0578125
0 0.0234375 0.03125 0.046875 0.0625
0 0.01640625 0.053125 0.0328125 0.10625
0 0.0140625 0.0390625 0.028125 0.078125
0 0.015625 0.021875 0.03125 0.04375
0 0.021875 0.04296875 0.04375 0.0859375
0 0.04453125 0.38125 0.0890625 0.25625
0 0.03984375 0.21640625 0.0796875 0.3015625
0 0.659375 0.2390625 0.2125 0.2078125
0 0.01015625 0.53515625 0.0203125 0.0515625
0 0.2 0.8625 0.0390625 0.096875
0 0.29375 0.74453125 0.046875 0.1140625
0 0.009375 0.9328125 0.01875 0.096875
0 0.075 0.85078125 0.0359375 0.090625
0 0.0109375 0.83125 0.021875 0.115625
0 0.009375 0.90859375 0.01875 0.0953125
0 0.01171875 0.6296875 0.0234375 0.1375
0 0.00703125 0.7390625 0.0140625 0.1
0 0.2203125 0.80234375 0.028125 0.078125
0 0.334375 0.784375 0.03125 0.0625
0 0.0234375 0.83515625 0.0296875 0.071875
0 0.11875 0.71171875 0.025 0.0671875
0 0.00625 0.9125 0.0125 0.078125
0 0.009375 0.6515625 0.01875 0.109375
0 0.01171875 0.63671875 0.0234375 0.1203125
0 0.11171875 0.9109375 0.03125 0.0765625
0 0.0265625 0.665625 0.0328125 0.075
0 0.340625 0.63125 0.01875 0.08125
0 0.21796875 0.575 0.0234375 0.0765625
0 0.15703125 0.58671875 0.0234375 0.06875
0 0.2515625 0.709375 0.034375 0.08125
0 0.01328125 0.53515625 0.0265625 0.0515625
0 0.0109375 0.73203125 0.021875 0.1390625
0 0.00703125 0.66328125 0.0140625 0.0859375
0 0.009375 0.7859375 0.01875 0.096875
0 0.3 0.61015625 0.028125 0.0828125
0 0.13828125 0.53046875 0.0203125 0.0421875
0 0.25546875 0.821875 0.0265625 0.0828125
0 0.01171875 0.54921875 0.0234375 0.0796875
0 0.22265625 0.97734375 0.0203125 0.0453125
0 0.1140625 0.9875 0.028125 0.025
0 0.00546875 0.71953125 0.0109375 0.0640625
0 0.16328125 0.821875 0.0203125 0.0671875
0 0.00625 0.565625 0.0125 0.0625
0 0.00703125 0.98125 0.0140625 0.0375
0 0.34296875 0.85625 0.0140625 0.084375
0 0.00546875 0.8703125 0.0109375 0.065625
0 0.00625 0.82578125 0.0125 0.0921875
0 0.00546875 0.5234375 0.0109375 0.028125
0 0.2859375 0.665625 0.0234375 0.05625
0 0.07421875 0.665625 0.03125 0.071875
0 0.00703125 0.61953125 0.0140625 0.0640625
0 0.009375 0.93203125 0.01875 0.0828125
0 0.00546875 0.82109375 0.0109375 0.0578125
0 0.009375 0.765625 0.01875 0.090625
0 0.00859375 0.73828125 0.0171875 0.0828125
0 0.328125 0.9734375 0.028125 0.053125
0 0.00546875 0.7625 0.0109375 0.0625
0 0.340625 0.73046875 0.01875 0.0796875
0 0.07578125 0.98828125 0.0234375 0.0234375
0 0.3296875 0.67890625 0.01875 0.05625
0 0.0546875 0.7140625 0.028125 0.0671875
0 0.0109375 0.79609375 0.021875 0.1015625
0 0.059375 0.93671875 0.03125 0.0953125
0 0.29375 0.54140625 0.03125 0.0640625
0 0.1 0.7796875 0.0234375 0.059375
0 0.1328125 0.5609375 0.01875 0.0421875
0 0.24453125 0.5328125 0.0453125 0.046875
0 0.26875 0.97421875 0.034375 0.0515625
0 0.0078125 0.6109375 0.015625 0.065625
0 0.00546875 0.72578125 0.0109375 0.0640625
0 0.325 0.54765625 0.021875 0.05
0 0.16171875 0.71328125 0.03125 0.0828125
0 0.00546875 0.91640625 0.0109375 0.0640625
0 0.00625 0.81796875 0.0125 0.0984375
0 0.17890625 0.78671875 0.025 0.0671875
0 0.25 0.93984375 0.0234375 0.05625
0 0.19453125 0.975 0.0234375 0.05
0 0.14296875 0.95234375 0.0234375 0.0609375
0 0.24453125 0.64140625 0.0359375 0.06875
0 0.00546875 0.5515625 0.0109375 0.078125
0 0.009375 0.96171875 0.01875 0.0765625
0 0.10078125 0.6921875 0.0203125 0.05
0 0.125 0.61328125 0.021875 0.053125
0 0.13828125 0.8078125 0.0234375 0.059375
0 0.20078125 0.5296875 0.0234375 0.040625
0 0.00625 0.86484375 0.0125 0.0703125
0 0.2546875 0.5703125 0.0234375 0.05
0 0.31953125 0.92734375 0.0234375 0.0484375
0 0.0109375 0.60859375 0.021875 0.1484375
0 0.00703125 0.91015625 0.0140625 0.0828125
0 0.1828125 0.93828125 0.025 0.05625
0 0.13046875 0.85546875 0.021875 0.0515625
0 0.3328125 0.890625 0.025 0.05625
0 0.13125 0.78984375 0.03125 0.0875
0 0.25 0.8921875 0.0359375 0.0875
0 0.00546875 0.5609375 0.0109375 0.065625
0 0.284375 0.85 0.0265625 0.0953125
0 0.146875 0.87109375 0.0265625 0.0703125
0 0.0125 0.54296875 0.025 0.0671875
0 0.3140625 0.5171875 0.01875 0.015625
0 0.00625 0.71171875 0.0125 0.0765625
0 0.0046875 0.7671875 0.009375 0.0625
0 0.00703125 0.6453125 0.0140625 0.075
0 0.1390625 0.66953125 0.0171875 0.040625
0 0.00859375 0.94375 0.0171875 0.103125
0 0.00859375 0.79921875 0.0171875 0.0921875
0 0.03828125 0.7703125 0.0265625 0.075
0 0.9125 0.640625 0.0421875 0.0921875
0 0.4296875 0.74453125 0.159375 0.4703125
0 0.528125 0.70703125 0.159375 0.3953125
0 0.60859375 0.69140625 0.1078125 0.3640625
0 0.73203125 0.70625 0.1171875 0.39375
0 0.8125 0.696875 0.090625 0.375
0 0.371875 0.72265625 0.04375 0.2609375