0 0.503125 0.0125 0.0625 0.025
0 0.30859375 0.19140625 0.065625 0.125
0 0.17109375 0.1 0.11875 0.11875
0 0.246875 0.1875 0.0546875 0.0796875
0 0.34921875 0.0421875 0.0796875 0.084375
0 0.43203125 0.05859375 0.0609375 0.1171875
0 0.534375 0.0578125 0.078125 0.115625
0 0.5921875 0.0515625 0.075 0.103125
0 0.553125 0.478125 0.065625 0.1125
0 0.60546875 0.4234375 0.0484375 0.103125
0 0.55703125 0.3671875 0.0578125 0.096875
0 0.5796875 0.271875 0.0640625 0.1015625
0 0.5828125 0.15625 0.09375 0.1
0 0.60234375 0.0828125 0.0546875 0.125
0 0.5171875 0.23828125 0.0578125 0.1390625
0 0.459375 0.2015625 0.071875 0.1359375
0 0.49140625 0.3484375 0.0609375 0.1140625
0 0.43515625 0.2953125 0.0609375 0.0828125
0 0.415625 0.36015625 0.05 0.084375
0 0.3671875 0.42890625 0.0765625 0.11875
0 0.3 0.33125 0.078125 0.0921875
0 0.20859375 0.2734375 0.096875 0.1359375
0 0.13671875 0.25390625 0.0734375 0.0984375
0 0.2125 0.046875 0.109375 0.09375
0 0.3984375 0.02890625 0.06875 0.0578125
0 0.4578125 0.03046875 0.078125 0.0609375
0 0.1265625 0.02734375 0.075 0.0546875
0 0.13515625 0.02734375 0.0859375 0.0546875
0 0.059375 0.0203125 0.05625 0.040625
0 0.0609375 0.02890625 0.109375 0.0578125
0 0.19453125 0.37734375 0.115625 0.1140625
0 0.1703125 0.53515625 0.059375 0.0484375
0 0.21796875 0.49375 0.0578125 0.0703125
0 0.30390625 0.475 0.1 0.165625
0 0.49921875 0.5109375 0.0578125 0.09375
0 0.4171875 0.49921875 0.075 0.0890625
0 0.31796875 0.76484375 0.4078125 0.4109375
0 0.56171875 0.76015625 0.1359375 0.4015625
0 0.08125 0.72109375 0.1625 0.3234375
0 0.03515625 0.87421875 0.0703125 0.2359375
0 0.0328125 0.85234375 0.065625 0.1984375
0 0.03671875 0.68203125 0.0734375 0.2453125
0 0.91796875 0.9265625 0.0953125 0.146875
0 0.64375 0.87578125 0.028125 0.2484375
0 0.6546875 0.88046875 0.05 0.2390625
0 0.7859375 0.82421875 0.1625 0.3515625