0 0.0421875 0.4609375 0.084375 0.3375
0 0.215625 0.4703125 0.178125 0.31875
0 0.02109375 0.44140625 0.0421875 0.3765625
0 0.0296875 0.38515625 0.059375 0.4890625
0 0.0359375 0.4046875 0.071875 0.34375
0 0.09609375 0.48046875 0.0828125 0.2984375
0 0.16015625 0.46953125 0.0640625 0.3203125
0 0.7234375 0.503125 0.3875 0.253125
0 0.2296875 0.82265625 0.459375 0.3546875
0 0.68984375 0.95390625 0.2609375 0.0921875
0 0.81796875 0.6640625 0.0578125 0.06875
0 0.878125 0.64609375 0.0375 0.0328125
0 0.4703125 0.646875 0.021875 0.034375
0 0.46953125 0.6453125 0.0203125 0.03125
0 0.48359375 0.63984375 0.0484375 0.0203125
0 0.59453125 0.86015625 0.0390625 0.05625