0 0.225 0.284375 0.45 0.56875
0 0.75390625 0.284375 0.3734375 0.56875
0 0.1296875 0.678125 0.16875 0.21875
0 0.4859375 0.73515625 0.071875 0.3328125
0 0.50234375 0.7765625 0.1046875 0.415625
0 0.48515625 0.67421875 0.0703125 0.2109375
0 0.525 0.7921875 0.15 0.415625
0 0.63515625 0.89296875 0.1484375 0.2140625
0 0.75859375 0.71953125 0.2265625 0.3015625
0 0.64296875 0.6234375 0.1015625 0.109375
0 0.66171875 0.6453125 0.0984375 0.153125
0 0.47578125 0.64296875 0.0515625 0.1484375
0 0.775 0.61953125 0.125 0.1015625