0 0.09296875 0.50078125 0.0953125 0.1796875
0 0.2046875 0.678125 0.1 0.15
0 0.11328125 0.8046875 0.0734375 0.19375
0 0.0703125 0.684375 0.0875 0.1703125
0 0.3609375 0.74609375 0.0828125 0.1375
0 0.75078125 0.7234375 0.1 0.1953125
0 0.61796875 0.68046875 0.078125 0.1609375
0 0.7796875 0.5734375 0.05625 0.0984375
0 0.91484375 0.8328125 0.15 0.240625
0 0.871875 0.73828125 0.065625 0.1328125
0 0.91171875 0.4859375 0.0671875 0.2046875
0 0.85234375 0.56953125 0.065625 0.125
0 0.42578125 0.4265625 0.0640625 0.13125
0 0.30703125 0.50703125 0.0546875 0.1890625
0 0.35546875 0.2796875 0.05 0.1015625
0 0.3140625 0.20625 0.0484375 0.1234375
0 0.73203125 0.60625 0.0484375 0.0984375
0 0.5203125 0.38046875 0.09375 0.2015625
0 0.103125 0.32890625 0.0671875 0.1359375
0 0.4921875 0.77109375 0.1421875 0.4578125
0 0.33203125 0.82421875 0.134375 0.3515625
0 0.6078125 0.4609375 0.134375 0.315625
0 0.71484375 0.3671875 0.1078125 0.284375
0 0.81328125 0.365625 0.1234375 0.2359375
0 0.47109375 0.2734375 0.0671875 0.178125