0 0.0234375 0.15703125 0.046875 0.1796875
0 0.025 0.334375 0.05 0.15
0 0.01796875 0.4609375 0.0359375 0.19375
0 0.021875 0.33984375 0.04375 0.1703125
0 0.1421875 0.40234375 0.0828125 0.1375
0 0.39921875 0.33671875 0.078125 0.1609375
0 0.20703125 0.0828125 0.0640625 0.13125
0 0.08828125 0.16328125 0.0546875 0.1890625
0 0.1359375 0.025 0.05 0.05
0 0.09453125 0.03046875 0.0484375 0.0609375
0 0.3015625 0.06875 0.09375 0.1375
0 0.01640625 0.03359375 0.0328125 0.0671875
0 0.27265625 0.38359375 0.1421875 0.3703125
0 0.1125 0.43671875 0.134375 0.2640625
0 0.3890625 0.1375 0.134375 0.275
0 0.4609375 0.0828125 0.0375 0.165625
0 0.25234375 0.04453125 0.0671875 0.0890625
0 0.74296875 0.284375 0.5140625 0.56875
0 0.04609375 0.62890625 0.0921875 0.1203125
0 0.94609375 0.784375 0.1078125 0.43125