0 0.3390625 0.1484375 0.1 0.15
0 0.40625 0.059375 0.025 0.11875
0 0.1828125 0.08046875 0.0828125 0.1375
0 0.025 0.10234375 0.05 0.1953125
0 0.01953125 0.1453125 0.0390625 0.1625
0 0.0140625 0.25234375 0.028125 0.0984375
0 0.0375 0.06015625 0.075 0.1203125
0 0.015625 0.08828125 0.03125 0.1328125
0 0.01640625 0.33984375 0.0328125 0.2046875
0 0.01640625 0.25625 0.0328125 0.125
0 0.11796875 0.4 0.0640625 0.1296875
0 0.23671875 0.31953125 0.05625 0.1890625
0 0.18828125 0.546875 0.05 0.1015625
0 0.2296875 0.59375 0.05 0.071875
0 0.01171875 0.2203125 0.0234375 0.1
0 0.03515625 0.4453125 0.0703125 0.2
0 0.0609375 0.1421875 0.121875 0.284375
0 0.2109375 0.0890625 0.134375 0.178125
0 0.0328125 0.365625 0.065625 0.315625
0 0.0265625 0.459375 0.053125 0.284375
0 0.03046875 0.46015625 0.0609375 0.2359375
0 0.07265625 0.546875 0.0671875 0.165625
0 0.20078125 0.75546875 0.4015625 0.2515625