0 0.90703125 0.50078125 0.0953125 0.1796875
0 0.7953125 0.678125 0.1 0.15
0 0.88671875 0.8046875 0.0734375 0.19375
0 0.9296875 0.684375 0.0875 0.1703125
0 0.6390625 0.74609375 0.0828125 0.1375
0 0.24921875 0.7234375 0.1 0.1953125
0 0.38203125 0.68046875 0.0796875 0.1609375
0 0.2203125 0.5734375 0.05625 0.0984375
0 0.08515625 0.8328125 0.15 0.240625
0 0.128125 0.73828125 0.0640625 0.1328125
0 0.08828125 0.4859375 0.0671875 0.2046875
0 0.14765625 0.56953125 0.065625 0.125
0 0.57421875 0.4265625 0.0640625 0.13125
0 0.69296875 0.50703125 0.05625 0.1890625
0 0.64453125 0.2796875 0.05 0.1015625
0 0.6859375 0.20625 0.05 0.1234375
0 0.26796875 0.60625 0.0484375 0.0984375
0 0.4796875 0.38046875 0.09375 0.2015625
0 0.896875 0.32890625 0.0671875 0.1359375
0 0.5078125 0.77109375 0.1421875 0.4578125
0 0.66796875 0.82421875 0.134375 0.3515625
0 0.3921875 0.4609375 0.1328125 0.315625
0 0.28515625 0.3671875 0.1078125 0.284375
0 0.18671875 0.365625 0.1234375 0.2359375
0 0.52890625 0.2734375 0.0671875 0.178125