0 0.90703125 0.49921875 0.0953125 0.1796875
0 0.7953125 0.321875 0.1 0.15
0 0.88671875 0.1953125 0.0734375 0.19375
0 0.9296875 0.315625 0.0875 0.1703125
0 0.6390625 0.25390625 0.0828125 0.1375
0 0.24921875 0.2765625 0.1 0.1953125
0 0.38203125 0.31953125 0.0796875 0.1625
0 0.2203125 0.4265625 0.05625 0.0984375
0 0.08515625 0.1671875 0.15 0.240625
0 0.128125 0.26171875 0.0640625 0.1328125
0 0.08828125 0.5140625 0.0671875 0.2046875
0 0.14765625 0.43046875 0.065625 0.125
0 0.57421875 0.5734375 0.0640625 0.1296875
0 0.69296875 0.49296875 0.05625 0.1890625
0 0.64453125 0.7203125 0.05 0.1015625
0 0.6859375 0.79375 0.05 0.1234375
0 0.26796875 0.39375 0.0484375 0.1
0 0.4796875 0.61953125 0.09375 0.2
0 0.896875 0.67109375 0.0671875 0.1359375
0 0.5078125 0.22890625 0.1421875 0.4578125
0 0.66796875 0.17578125 0.134375 0.3515625
0 0.3921875 0.5390625 0.1328125 0.315625
0 0.28515625 0.6328125 0.1078125 0.284375
0 0.18671875 0.634375 0.1234375 0.2359375
0 0.52890625 0.7265625 0.0671875 0.178125