0 0.4015625 0.0375 0.075 0.075
0 0.25703125 0.034375 0.0828125 0.06875
0 0.025 0.0484375 0.05 0.096875
0 0.0203125 0.040625 0.040625 0.08125
0 0.0140625 0.09921875 0.028125 0.0984375
0 0.0375 0.06015625 0.075 0.1203125
0 0.015625 0.0328125 0.03125 0.065625
0 0.01640625 0.18671875 0.0328125 0.2046875
0 0.01640625 0.103125 0.0328125 0.125
0 0.19296875 0.246875 0.0640625 0.1296875
0 0.31171875 0.16640625 0.05625 0.1890625
0 0.26328125 0.39375 0.05 0.1015625
0 0.3046875 0.446875 0.05 0.084375
0 0.01171875 0.0671875 0.0234375 0.1
0 0.0984375 0.29296875 0.09375 0.2
0 0.12578125 0.1140625 0.1421875 0.228125
0 0.2859375 0.0875 0.134375 0.175
0 0.03828125 0.2125 0.0765625 0.315625
0 0.0265625 0.30625 0.053125 0.284375
0 0.03046875 0.30703125 0.0609375 0.2359375
0 0.14765625 0.4 0.0671875 0.178125
0 0.61015625 0.1 0.0984375 0.13125
0 0.78671875 0.03203125 0.0921875 0.0640625
0 0.98046875 0.4390625 0.0390625 0.1
0 0.88125 0.3203125 0.0390625 0.0859375
0 0.9921875 0.3515625 0.015625 0.1125
0 0.4984375 0.37109375 0.046875 0.121875
0 0.92890625 0.38515625 0.0640625 0.1375
0 0.9125 0.0328125 0.090625 0.065625
0 0.55546875 0.04375 0.0609375 0.0875
0 0.8453125 0.0359375 0.090625 0.071875
0 0.4515625 0.228125 0.025 0.13125
0 0.6 0.1984375 0.0421875 0.084375
0 0.6328125 0.4703125 0.025 0.0375
0 0.54375 0.4453125 0.0625 0.0875
0 0.7546875 0.0328125 0.065625 0.065625
0 0.75859375 0.015625 0.0546875 0.03125
0 0.5515625 0.021875 0.034375 0.04375
0 0.44765625 0.34453125 0.0171875 0.0984375
0 0.8625 0.01953125 0.0875 0.0390625
0 0.45 0.27109375 0.021875 0.1046875
0 0.48125 0.45390625 0.04375 0.0703125
0 0.45234375 0.35546875 0.0265625 0.0984375
0 0.640625 0.0359375 0.065625 0.071875
0 0.74609375 0.4296875 0.0296875 0.0859375
0 0.88671875 0.05703125 0.0546875 0.1140625
0 0.72578125 0.0640625 0.0296875 0.084375
0 0.96328125 0.04375 0.0734375 0.0875
0 0.87890625 0.43046875 0.03125 0.10625
0 0.65234375 0.46640625 0.0234375 0.0453125
0 0.971875 0.084375 0.05625 0.14375
0 0.80625 0.1 0.0234375 0.075
0 0.90703125 0.01796875 0.0421875 0.0359375
0 0.76640625 0.07578125 0.0484375 0.1296875
0 0.78125 0.41015625 0.028125 0.075
0 0.54765625 0.0203125 0.0515625 0.040625
0 0.99453125 0.265625 0.0109375 0.075
0 0.53046875 0.30390625 0.0390625 0.08125
0 0.834375 0.184375 0.0296875 0.084375
0 0.5640625 0.3234375 0.0328125 0.0734375
0 0.76640625 0.471875 0.0296875 0.034375
0 0.5515625 0.37109375 0.0359375 0.0921875
0 0.446875 0.4046875 0.015625 0.08125
0 0.815625 0.3328125 0.0328125 0.0828125
0 0.81875 0.040625 0.065625 0.08125
0 0.98203125 0.02578125 0.0359375 0.0515625
0 0.746875 0.2078125 0.0203125 0.05
0 0.56953125 0.015625 0.0296875 0.03125
0 0.64296875 0.41640625 0.0296875 0.0984375
0 0.8484375 0.4765625 0.025 0.025
0 0.45390625 0.4421875 0.0296875 0.09375
0 0.484375 0.0484375 0.090625 0.096875
0 0.615625 0.30625 0.0546875 0.1546875
0 0.4546875 0.45078125 0.03125 0.0765625
0 0.28046875 0.74453125 0.3171875 0.5109375
0 0.746875 0.9203125 0.06875 0.159375
0 0.81484375 0.9421875 0.0546875 0.115625
0 0.67890625 0.93671875 0.0453125 0.1265625
0 0.9828125 0.915625 0.034375 0.16875
0 0.4671875 0.92421875 0.040625 0.1140625
0 0.51484375 0.92890625 0.0359375 0.10625
0 0.54921875 0.9140625 0.0375 0.1328125
0 0.5828125 0.9328125 0.0484375 0.125
0 0.8796875 0.90625 0.065625 0.178125
0 0.9375 0.92109375 0.059375 0.1578125
0 0.44921875 0.8828125 0.0203125 0.115625
0 0.45390625 0.80390625 0.0296875 0.1265625
0 0.5078125 0.78125 0.0203125 0.0609375
0 0.54921875 0.81640625 0.053125 0.0890625
0 0.60234375 0.78359375 0.0421875 0.10625
0 0.6390625 0.890625 0.04375 0.1578125
0 0.784375 0.840625 0.0515625 0.0859375