0 0.5140625 0.51640625 0.0828125 0.1375
0 0.12421875 0.49375 0.1 0.1953125
0 0.25703125 0.45078125 0.0796875 0.1609375
0 0.0953125 0.34375 0.05625 0.0984375
0 0.0375 0.54609375 0.075 0.1265625
0 0.0171875 0.50859375 0.034375 0.1328125
0 0.01640625 0.25546875 0.0328125 0.2046875
0 0.02734375 0.3390625 0.0546875 0.125
0 0.44921875 0.196875 0.0640625 0.13125
0 0.56796875 0.27734375 0.05625 0.1890625
0 0.51875 0.05 0.05 0.1
0 0.5609375 0.03046875 0.05 0.0609375
0 0.14296875 0.3765625 0.0484375 0.0984375
0 0.3546875 0.15078125 0.09375 0.2015625
0 0.38203125 0.4609375 0.1421875 0.296875
0 0.5421875 0.5140625 0.134375 0.190625
0 0.2671875 0.23125 0.1328125 0.315625
0 0.16015625 0.13984375 0.1078125 0.2796875
0 0.06171875 0.1359375 0.1234375 0.2359375
0 0.40390625 0.06640625 0.0671875 0.1328125
0 0.9265625 0.3453125 0.146875 0.528125
0 0.12265625 0.78359375 0.1421875 0.3484375
0 0.02578125 0.8046875 0.0515625 0.390625
0 0.70234375 0.95859375 0.1265625 0.0828125
0 0.9703125 0.67734375 0.0484375 0.0875
0 0.9515625 0.63359375 0.040625 0.0484375
0 0.89375 0.7546875 0.090625 0.15
0 0.8265625 0.865625 0.1875 0.26875
0 0.72734375 0.846875 0.0796875 0.1453125
0 0.6703125 0.79453125 0.0625 0.1828125
0 0.79609375 0.73359375 0.05625 0.1359375
0 0.728125 0.6859375 0.0515625 0.09375
0 0.6515625 0.71015625 0.025 0.0984375
0 0.64921875 0.66953125 0.0203125 0.0953125
0 0.64921875 0.63125 0.0203125 0.04375
0 0.64765625 0.62421875 0.0171875 0.0296875
0 0.64765625 0.62578125 0.0171875 0.0328125
0 0.67578125 0.6265625 0.0421875 0.034375
0 0.840625 0.625 0.040625 0.03125
0 0.903125 0.63984375 0.0375 0.0609375