0 0.2953125 0.42265625 0.046875 0.1796875
0 0.2078125 0.5921875 0.1 0.134375
0 0.05078125 0.62890625 0.0828125 0.0609375
0 0.025 0.603125 0.05 0.1125
0 0.01953125 0.590625 0.0390625 0.1375
0 0.0140625 0.49453125 0.028125 0.0984375
0 0.015625 0.6265625 0.03125 0.065625
0 0.01640625 0.40703125 0.0328125 0.2046875
0 0.01640625 0.490625 0.0328125 0.125
0 0.015625 0.3484375 0.03125 0.13125
0 0.10546875 0.42890625 0.05625 0.1890625
0 0.05703125 0.2015625 0.05 0.1015625
0 0.0984375 0.128125 0.05 0.1234375
0 0.01171875 0.52734375 0.0234375 0.0984375
0 0.0234375 0.30234375 0.046875 0.2015625
0 0.296875 0.25078125 0.04375 0.1359375
0 0.03515625 0.56171875 0.0703125 0.1953125
0 0.0796875 0.61484375 0.134375 0.0890625
0 0.0328125 0.3828125 0.065625 0.315625
0 0.0265625 0.2890625 0.053125 0.284375
0 0.03046875 0.28671875 0.0609375 0.2359375
0 0.01640625 0.1953125 0.0328125 0.178125
0 0.78515625 0.15390625 0.3140625 0.3078125
0 0.80859375 0.42265625 0.2859375 0.25625
0 0.5578125 0.16328125 0.203125 0.2703125
0 0.52421875 0.5296875 0.2015625 0.259375
0 0.5453125 0.0359375 0.15625 0.071875
0 0.0515625 0.79296875 0.0296875 0.06875
0 0.01015625 0.81953125 0.0203125 0.0828125
0 0.096875 0.84921875 0.0484375 0.090625
0 0.01015625 0.86953125 0.0203125 0.0921875
0 0.190625 0.93125 0.0359375 0.0890625
0 0.0078125 0.79375 0.015625 0.059375
0 0.29609375 0.68984375 0.0234375 0.0609375
0 0.01328125 0.765625 0.0265625 0.1375
0 0.271875 0.81484375 0.040625 0.1140625
0 0.00703125 0.95546875 0.0140625 0.0859375
0 0.009375 0.684375 0.01875 0.05
0 0.0140625 0.68984375 0.028125 0.0609375
0 0.16796875 0.678125 0.0234375 0.0375
0 0.1296875 0.9640625 0.0375 0.071875
0 0.190625 0.69609375 0.028125 0.0734375
0 0.0078125 0.8546875 0.015625 0.0625
0 0.26171875 0.9734375 0.0453125 0.053125
0 0.01328125 0.72109375 0.0265625 0.1234375
0 0.1453125 0.83125 0.0390625 0.090625
0 0.24921875 0.6734375 0.0296875 0.028125
0 0.746875 0.909375 0.271875 0.18125