0 0.0234375 0.04453125 0.046875 0.0890625
0 0.025 0.1625 0.05 0.15
0 0.01796875 0.2890625 0.0359375 0.19375
0 0.021875 0.16796875 0.04375 0.1703125
0 0.10625 0.23046875 0.0828125 0.1375
0 0.36171875 0.16484375 0.0765625 0.1609375
0 0.17109375 0.0328125 0.0640625 0.065625
0 0.05234375 0.046875 0.0546875 0.09375
0 0.1 0.025 0.05 0.05
0 0.05859375 0.03046875 0.0484375 0.0609375
0 0.265625 0.05 0.09375 0.1
0 0.01640625 0.03359375 0.0328125 0.0671875
0 0.23671875 0.253125 0.1421875 0.453125
0 0.0765625 0.30625 0.134375 0.346875
0 0.34296875 0.07890625 0.1140625 0.1578125
0 0.21640625 0.04453125 0.0671875 0.0890625
0 0.82734375 0.05234375 0.0578125 0.1046875
0 0.84453125 0.1109375 0.04375 0.1640625
0 0.8859375 0.16796875 0.0578125 0.221875
0 0.659375 0.02109375 0.0375 0.0421875
0 0.74375 0.06015625 0.084375 0.1203125
0 0.678125 0.07890625 0.04375 0.1578125
0 0.71171875 0.1578125 0.021875 0.0765625
0 0.75546875 0.2703125 0.034375 0.140625
0 0.80078125 0.1421875 0.028125 0.1125
0 0.73984375 0.1609375 0.0359375 0.0984375
0 0.79765625 0.2546875 0.0421875 0.159375
0 0.828125 0.3015625 0.0421875 0.159375
0 0.89921875 0.33984375 0.0546875 0.1328125
0 0.98984375 0.14765625 0.0203125 0.0859375
0 0.98125 0.284375 0.0375 0.2125
0 0.57265625 0.034375 0.0578125 0.06875
0 0.625 0.02578125 0.0375 0.0515625
0 0.63125 0.05390625 0.04375 0.1078125
0 0.51640625 0.01484375 0.0328125 0.0296875
0 0.471875 0.0109375 0.034375 0.021875
0 0.48515625 0.06328125 0.0484375 0.1265625
0 0.52109375 0.05546875 0.0296875 0.1109375
0 0.55078125 0.0578125 0.0328125 0.115625
0 0.5875 0.11171875 0.03125 0.1078125
0 0.6453125 0.20234375 0.0328125 0.1203125
0 0.68359375 0.22265625 0.034375 0.1046875
0 0.44375 0.02890625 0.03125 0.0578125
0 0.41484375 0.0203125 0.0234375 0.040625
0 0.41875 0.05625 0.0375 0.1125
0 0.4390625 0.07265625 0.025 0.1140625
0 0.41171875 0.121875 0.0234375 0.115625
0 0.459375 0.2078125 0.0484375 0.146875
0 0.5515625 0.1734375 0.0328125 0.1296875
0 0.515625 0.1609375 0.0390625 0.10625
0 0.5875 0.2171875 0.0359375 0.1265625
0 0.6234375 0.26875 0.03125 0.109375
0 0.7015625 0.29609375 0.05 0.121875
0 0.74296875 0.36328125 0.0390625 0.0890625
0 0.90703125 0.41640625 0.05625 0.1109375
0 0.4125 0.053125 0.025 0.10625
0 0.4046875 0.0140625 0.009375 0.028125
0 0.40625 0.0203125 0.0125 0.040625
0 0.4109375 0.18046875 0.021875 0.1234375
0 0.4046875 0.23046875 0.009375 0.0828125
0 0.41953125 0.2375 0.021875 0.0703125
0 0.515625 0.26484375 0.0328125 0.146875
0 0.55078125 0.28515625 0.0375 0.11875
0 0.42109375 0.09375 0.0421875 0.1875
0 0.41015625 0.15 0.0203125 0.0875
0 0.41328125 0.21015625 0.0265625 0.1546875
0 0.40703125 0.234375 0.0140625 0.109375
0 0.41171875 0.26953125 0.0234375 0.1390625
0 0.40625 0.2703125 0.0125 0.06875
0 0.459375 0.434375 0.040625 0.090625
0 0.58671875 0.40390625 0.0234375 0.1
0 0.5375 0.3734375 0.03125 0.065625
0 0.5203125 0.43984375 0.034375 0.0796875
0 0.70625 0.41796875 0.028125 0.090625
0 0.74140625 0.43515625 0.028125 0.0703125
0 0.80546875 0.45234375 0.0234375 0.0546875
0 0.8515625 0.39921875 0.0390625 0.1015625
0 0.78671875 0.3828125 0.03125 0.084375
0 0.41015625 0.3171875 0.0203125 0.103125
0 0.409375 0.37890625 0.01875 0.0984375
0 0.459375 0.34609375 0.025 0.09375
0 0.48515625 0.36875 0.028125 0.090625
0 0.409375 0.40234375 0.01875 0.0984375
0 0.41171875 0.29765625 0.0234375 0.1609375
0 0.615625 0.4546875 0.021875 0.05
0 0.5859375 0.47265625 0.01875 0.0140625
0 0.61796875 0.3828125 0.0171875 0.059375
0 0.41328125 0.2921875 0.0203125 0.0671875
0 0.4375 0.32265625 0.028125 0.1296875
0 0.40546875 0.2546875 0.0109375 0.090625
0 0.40703125 0.3390625 0.0140625 0.09375
0 0.4125 0.446875 0.025 0.065625
0 0.43046875 0.45390625 0.0234375 0.0515625
0 0.86171875 0.46875 0.0203125 0.021875
0 0.78359375 0.4515625 0.0234375 0.05625
0 0.76171875 0.459375 0.0234375 0.040625
0 0.696875 0.4703125 0.015625 0.01875
0 0.6609375 0.44296875 0.028125 0.0703125
0 0.6640625 0.37578125 0.0140625 0.053125
0 0.92421875 0.47421875 0.0171875 0.0109375
0 0.82109375 0.46953125 0.0203125 0.0203125
0 0.40859375 0.39375 0.0171875 0.071875
0 0.40546875 0.4234375 0.0109375 0.075
0 0.6390625 0.46484375 0.021875 0.0296875
0 0.20234375 0.69609375 0.3953125 0.4328125
0 0.0734375 0.703125 0.146875 0.3875
0 0.29296875 0.79765625 0.128125 0.2
0 0.8953125 0.71171875 0.209375 0.4640625
0 0.53125 0.69765625 0.2625 0.4359375