0 0.0203125 0.5796875 0.040625 0.125
0 0.06484375 0.5421875 0.025 0.084375
0 0.20546875 0.61171875 0.084375 0.2140625
0 0.11015625 0.5484375 0.0390625 0.109375
0 0.08984375 0.57578125 0.04375 0.096875
0 0.15234375 0.478125 0.0265625 0.0640625
0 0.465625 0.71171875 0.35 0.5125
0 0.9296875 0.75078125 0.0921875 0.209375
0 0.853125 0.7609375 0.0890625 0.2078125
0 0.7546875 0.78828125 0.1078125 0.1328125
0 0.73203125 0.690625 0.0734375 0.1328125
0 0.67109375 0.74921875 0.0515625 0.096875
0 0.62265625 0.696875 0.0515625 0.0984375
0 0.57109375 0.70859375 0.078125 0.1734375
0 0.5171875 0.64921875 0.0375 0.109375