0 0.0203125 0.4203125 0.040625 0.125
0 0.06484375 0.4578125 0.025 0.084375
0 0.20546875 0.38828125 0.084375 0.2140625
0 0.11015625 0.4515625 0.0390625 0.109375
0 0.08984375 0.42421875 0.04375 0.096875
0 0.15234375 0.521875 0.0265625 0.0640625
0 0.465625 0.28828125 0.35 0.5125
0 0.9296875 0.24921875 0.0921875 0.209375
0 0.853125 0.2390625 0.0890625 0.209375
0 0.7546875 0.21171875 0.1078125 0.134375
0 0.73203125 0.309375 0.0734375 0.1328125
0 0.67109375 0.25078125 0.0515625 0.096875
0 0.62265625 0.303125 0.0515625 0.0984375
0 0.57109375 0.29140625 0.078125 0.1734375
0 0.5171875 0.35078125 0.0375 0.109375