0 0.01015625 0.4609375 0.0203125 0.125
0 0.00625 0.4234375 0.0125 0.084375
0 0.02109375 0.49296875 0.0421875 0.2140625
0 0.009375 0.4296875 0.01875 0.109375
0 0.0109375 0.45625 0.021875 0.096875
0 0.00625 0.35859375 0.0125 0.0640625
0 0.0875 0.49765625 0.175 0.3234375
0 0.28125 0.59296875 0.075 0.1328125
0 0.21328125 0.5984375 0.0890625 0.121875
0 0.11484375 0.63125 0.1078125 0.05625
0 0.09296875 0.571875 0.0734375 0.1328125
0 0.03203125 0.6203125 0.0515625 0.078125
0 0.0125 0.57734375 0.025 0.0984375
0 0.01953125 0.58125 0.0390625 0.15625
0 0.009375 0.5296875 0.01875 0.109375
0 0.540625 0.0125 0.0625 0.025
0 0.3484375 0.115625 0.059375 0.125
0 0.34765625 0.0421875 0.0578125 0.084375
0 0.33203125 0.11171875 0.0265625 0.0796875
0 0.38671875 0.03359375 0.0796875 0.0671875
0 0.46953125 0.02890625 0.0609375 0.0578125
0 0.571875 0.0578125 0.078125 0.115625
0 0.6359375 0.0515625 0.0875 0.103125
0 0.7125 0.05 0.065625 0.1
0 0.76640625 0.04765625 0.0765625 0.0953125
0 0.84453125 0.0328125 0.0671875 0.065625
0 0.9046875 0.0375 0.05 0.075
0 0.590625 0.403125 0.065625 0.1125
0 0.64921875 0.34921875 0.059375 0.103125
0 0.59453125 0.2921875 0.0578125 0.096875
0 0.6171875 0.196875 0.0640625 0.1015625
0 0.62734375 0.08203125 0.10625 0.1015625
0 0.66640625 0.03515625 0.1078125 0.0703125
0 0.5546875 0.16328125 0.0578125 0.1390625
0 0.496875 0.1265625 0.071875 0.1359375
0 0.52890625 0.2734375 0.0609375 0.1140625
0 0.47265625 0.2203125 0.0609375 0.0828125
0 0.453125 0.28515625 0.05 0.084375
0 0.4046875 0.35390625 0.0765625 0.11875
0 0.34765625 0.25546875 0.0578125 0.0921875
0 0.3421875 0.19765625 0.046875 0.1359375
0 0.33671875 0.178125 0.0359375 0.096875
0 0.34609375 0.046875 0.0546875 0.09375
0 0.4359375 0.02890625 0.06875 0.0578125
0 0.4953125 0.03046875 0.078125 0.0609375
0 0.3375 0.02734375 0.0375 0.0546875
0 0.33984375 0.02734375 0.0421875 0.0546875
0 0.3328125 0.0203125 0.028125 0.040625
0 0.34609375 0.02890625 0.0546875 0.0578125
0 0.34765625 0.30234375 0.0578125 0.1140625
0 0.33359375 0.47109375 0.0296875 0.0703125
0 0.3328125 0.41796875 0.028125 0.0703125
0 0.3546875 0.39921875 0.071875 0.1640625
0 0.53671875 0.4359375 0.0578125 0.09375
0 0.4546875 0.42421875 0.075 0.0890625
0 0.34375 0.571875 0.05 0.10625
0 0.33203125 0.6375 0.0265625 0.04375
0 0.3328125 0.63984375 0.028125 0.0390625
0 0.3328125 0.575 0.028125 0.08125
0 0.3515625 0.51875 0.065625 0.078125
0 0.4734375 0.61875 0.075 0.08125
0 0.49140625 0.5203125 0.0890625 0.1125
0 0.5703125 0.62109375 0.0875 0.0765625
0 0.57265625 0.53359375 0.0578125 0.09375
0 0.83125 0.02578125 0.0875 0.0515625
0 0.86328125 0.02421875 0.0828125 0.0484375
0 0.9140625 0.01953125 0.08125 0.0390625
0 0.96953125 0.01640625 0.0578125 0.0328125
0 0.21953125 0.8296875 0.1984375 0.340625
0 0.515625 0.8296875 0.359375 0.340625