0 0.01015625 0.03125 0.0203125 0.0625
0 0.00625 0.0234375 0.0125 0.046875
0 0.02109375 0.053125 0.0421875 0.10625
0 0.009375 0.02734375 0.01875 0.0546875
0 0.0109375 0.02421875 0.021875 0.0484375
0 0.00625 0.06796875 0.0125 0.0640625
0 0.0875 0.128125 0.175 0.25625
0 0.4171875 0.05234375 0.065625 0.1046875
0 0.35390625 0.05234375 0.0890625 0.1046875
0 0.25546875 0.03359375 0.1078125 0.0671875
0 0.23359375 0.0328125 0.0734375 0.065625
0 0.17265625 0.02421875 0.0515625 0.0484375
0 0.12421875 0.02421875 0.0515625 0.0484375
0 0.071875 0.04296875 0.078125 0.0859375
0 0.01875 0.02734375 0.0375 0.0546875
0 0.9078125 0.2296875 0.184375 0.459375
0 0.0609375 0.703125 0.121875 0.35
0 0.79375 0.72890625 0.4125 0.4390625