0 0.01484375 0.3734375 0.0296875 0.125
0 0.053125 0.40390625 0.025 0.0703125
0 0.19375 0.33671875 0.084375 0.2046875
0 0.09921875 0.39453125 0.0390625 0.0890625
0 0.07890625 0.37734375 0.04375 0.096875
0 0.4296875 0.21953125 0.3 0.4390625
0 0.55 0.24453125 0.059375 0.1734375
0 0.50625 0.30390625 0.0375 0.109375
0 0.61484375 0.33046875 0.0703125 0.2171875
0 0.72109375 0.16953125 0.2015625 0.3390625
0 0.41875 0.81875 0.296875 0.3625
0 0.35546875 0.9578125 0.0859375 0.084375
0 0.89921875 0.78203125 0.2015625 0.4359375