0 0.01015625 0.415625 0.0203125 0.125
0 0.00625 0.378125 0.0125 0.084375
0 0.02109375 0.44765625 0.0421875 0.2140625
0 0.009375 0.384375 0.01875 0.109375
0 0.0109375 0.4109375 0.021875 0.096875
0 0.00625 0.31328125 0.0125 0.0640625
0 0.0875 0.4296875 0.175 0.278125
0 0.42109375 0.525 0.0921875 0.0875
0 0.34453125 0.53046875 0.0890625 0.0765625
0 0.22421875 0.5140625 0.0734375 0.109375
0 0.16328125 0.55234375 0.0515625 0.0328125
0 0.11484375 0.52578125 0.0515625 0.0859375
0 0.0625 0.51328125 0.078125 0.1109375
0 0.0140625 0.484375 0.028125 0.109375
0 0.67109375 0.284375 0.3828125 0.56875
0 0.5140625 0.10546875 0.06875 0.2109375
0 0.934375 0.05703125 0.1 0.1140625
0 0.23984375 0.89140625 0.4796875 0.2171875
0 0.88359375 0.8234375 0.2328125 0.353125