0 0.07421875 0.2796875 0.1484375 0.559375
0 0.4359375 0.2640625 0.0875 0.184375
0 0.03359375 0.4234375 0.0671875 0.18125
0 0.0125 0.32265625 0.025 0.0796875
0 0.0109375 0.33125 0.021875 0.059375
0 0.0078125 0.29609375 0.015625 0.0890625
0 0.00625 0.24921875 0.0125 0.1609375
0 0.01171875 0.19453125 0.0234375 0.0578125
0 0.01328125 0.253125 0.0265625 0.075
0 0.73984375 0.2796875 0.5203125 0.559375
0 0.90390625 0.3609375 0.1921875 0.396875
0 0.396875 0.60390625 0.053125 0.0890625
0 0.3953125 0.58203125 0.034375 0.0453125
0 0.3234375 0.66953125 0.0421875 0.103125
0 0.35859375 0.59765625 0.0609375 0.0765625
0 0.3453125 0.59453125 0.046875 0.0703125
0 0.44453125 0.590625 0.0453125 0.0625
0 0.45546875 0.58203125 0.0359375 0.0453125
0 0.39453125 0.5875 0.0453125 0.05625
0 0.44375 0.58359375 0.034375 0.0484375
0 0.45859375 0.609375 0.0421875 0.1
0 0.296875 0.59296875 0.046875 0.0671875
0 0.3515625 0.8046875 0.0625 0.1453125
0 0.2296875 0.60703125 0.08125 0.0953125
0 0.18515625 0.590625 0.0828125 0.0625
0 0.13359375 0.74765625 0.134375 0.1125
0 0.1265625 0.60859375 0.09375 0.0984375
0 0.1359375 0.61875 0.13125 0.11875
0 0.2421875 0.5984375 0.05625 0.078125
0 0.02890625 0.59921875 0.0578125 0.0796875
0 0.0828125 0.58984375 0.096875 0.0609375
0 0.04453125 0.60390625 0.0890625 0.0890625
0 0.2515625 0.85703125 0.053125 0.096875
0 0.4359375 0.94609375 0.046875 0.1078125
0 0.440625 0.8328125 0.0453125 0.125
0 0.39765625 0.8703125 0.04375 0.13125
0 0.28671875 0.5859375 0.0421875 0.053125
0 0.921875 0.67109375 0.15625 0.2078125