0 0.38984375 0.21328125 0.2390625 0.4265625
0 0.03984375 0.046875 0.0796875 0.09375
0 0.61875 0.27734375 0.21875 0.3828125
0 0.18046875 0.734375 0.3609375 0.53125
0 0.9609375 0.721875 0.078125 0.221875
0 0.94140625 0.5421875 0.0671875 0.146875
0 0.96484375 0.909375 0.0703125 0.18125
0 0.7578125 0.53671875 0.134375 0.1359375
0 0.70625 0.71875 0.0890625 0.2671875
0 0.8375 0.78515625 0.103125 0.3953125
0 0.9859375 0.5171875 0.028125 0.096875
0 0.62890625 0.68203125 0.0625 0.2046875
0 0.6921875 0.8796875 0.11875 0.240625
0 0.8625 0.96953125 0.09375 0.0609375
0 0.54375 0.85390625 0.06875 0.2921875
0 0.57265625 0.55546875 0.1265625 0.1734375