0 0.1671875 0.31484375 0.296875 0.6296875
0 0.03359375 0.5125 0.0671875 0.18125
0 0.0125 0.41171875 0.025 0.0796875
0 0.0109375 0.4203125 0.021875 0.059375
0 0.0078125 0.38515625 0.015625 0.0890625
0 0.00625 0.33828125 0.0125 0.1609375
0 0.01171875 0.28359375 0.0234375 0.0578125
0 0.01328125 0.3421875 0.0265625 0.075
0 0.4984375 0.94765625 0.03125 0.1046875
0 0.1890625 0.953125 0.01875 0.09375
0 0.36875 0.91640625 0.0390625 0.1328125
0 0.57578125 0.9578125 0.0234375 0.084375
0 0.09765625 0.97734375 0.0390625 0.0453125
0 0.61328125 0.878125 0.0484375 0.1875