0 0.07421875 0.21953125 0.1484375 0.4390625
0 0.03359375 0.0453125 0.0671875 0.090625
0 0.0125 0.0765625 0.025 0.078125
0 0.0109375 0.0671875 0.021875 0.059375
0 0.0078125 0.10234375 0.015625 0.0890625
0 0.00625 0.14921875 0.0125 0.1609375
0 0.01171875 0.20546875 0.0234375 0.0578125
0 0.01328125 0.146875 0.0265625 0.075
0 0.5390625 0.21953125 0.040625 0.4390625
0 0.575 0.21953125 0.08125 0.4390625
0 0.66328125 0.21953125 0.0734375 0.4390625
0 0.54453125 0.21953125 0.0515625 0.4390625
0 0.9796875 0.21953125 0.040625 0.4390625
0 0.753125 0.21953125 0.0875 0.4390625
0 0.81484375 0.221875 0.0828125 0.434375
0 0.890625 0.21953125 0.09375 0.4390625
0 0.55234375 0.2328125 0.0671875 0.4125
0 0.259375 0.7125 0.51875 0.546875
0 0.746875 0.84609375 0.45625 0.3078125