0 0.21484375 0.26953125 0.4296875 0.5390625
0 0.5109375 0.3046875 0.1625 0.325
0 0.21015625 0.79765625 0.4203125 0.4046875
0 0.65625 0.59375 0.084375 0.109375
0 0.565625 0.58203125 0.084375 0.0859375
0 0.9125 0.56640625 0.04375 0.0546875
0 0.73125 0.571875 0.059375 0.065625
0 0.88359375 0.56796875 0.0515625 0.0578125
0 0.8109375 0.84296875 0.0375 0.096875
0 0.759375 0.56796875 0.04375 0.0578125
0 0.75234375 0.5625 0.0421875 0.046875
0 0.97265625 0.56328125 0.0546875 0.0484375
0 0.51484375 0.56171875 0.0609375 0.0453125
0 0.753125 0.59140625 0.121875 0.1046875
0 0.66640625 0.56640625 0.0421875 0.0546875
0 0.96328125 0.559375 0.0421875 0.040625
0 0.63984375 0.57265625 0.0859375 0.0671875
0 0.90078125 0.565625 0.0609375 0.053125
0 0.696875 0.55703125 0.034375 0.0359375
0 0.83046875 0.59453125 0.0578125 0.1109375
0 0.63828125 0.56484375 0.0390625 0.0515625
0 0.87578125 0.57265625 0.0421875 0.0671875
0 0.8890625 0.59375 0.08125 0.109375
0 0.740625 0.7734375 0.0375 0.134375
0 0.728125 0.65078125 0.046875 0.1265625
0 0.94140625 0.5765625 0.0484375 0.075
0 0.9625 0.56484375 0.053125 0.0515625
0 0.446875 0.59375 0.034375 0.109375
0 0.55625 0.95546875 0.040625 0.0890625
0 0.80703125 0.57109375 0.0515625 0.0640625
0 0.503125 0.84296875 0.0328125 0.0625
0 0.7828125 0.57109375 0.053125 0.0640625
0 0.99296875 0.7359375 0.0140625 0.078125
0 0.9921875 0.6765625 0.015625 0.075
0 0.63828125 0.58359375 0.0328125 0.0890625
0 0.89609375 0.6109375 0.040625 0.1109375
0 0.92578125 0.70625 0.034375 0.0734375
0 0.58828125 0.91171875 0.046875 0.1125
0 0.99140625 0.59453125 0.0171875 0.1015625
0 0.93828125 0.86796875 0.0359375 0.1015625
0 0.859375 0.8546875 0.0421875 0.1234375
0 0.9765625 0.5734375 0.046875 0.06875
0 0.71171875 0.56484375 0.0296875 0.0515625
0 0.58515625 0.73359375 0.0375 0.06875
0 0.4703125 0.81328125 0.04375 0.0765625
0 0.4390625 0.91875 0.01875 0.1125
0 0.58125 0.59609375 0.08125 0.1140625
0 0.88046875 0.72421875 0.0421875 0.125
0 0.4765625 0.59140625 0.075 0.1046875
0 0.48515625 0.7046875 0.0578125 0.1296875
0 0.7046875 0.9046875 0.04375 0.1375
0 0.58125 0.59296875 0.046875 0.1078125