0 0.15 0.16484375 0.3 0.3296875
0 0.71796875 0.15859375 0.5640625 0.3171875
0 0.11484375 0.64921875 0.1203125 0.2875
0 0.7765625 0.3421875 0.0625 0.025
0 0.58203125 0.70078125 0.065625 0.125
0 0.44453125 0.609375 0.11875 0.11875
0 0.5203125 0.696875 0.0546875 0.0796875
0 0.6234375 0.52734375 0.0796875 0.134375
0 0.70625 0.56796875 0.0609375 0.11875
0 0.80859375 0.4671875 0.078125 0.2328125
0 0.871875 0.42109375 0.0875 0.1828125
0 0.9484375 0.4296875 0.065625 0.2
0 0.98203125 0.484375 0.0359375 0.190625
0 0.82578125 0.965625 0.0640625 0.06875
0 0.88515625 0.93359375 0.059375 0.1046875
0 0.83046875 0.8765625 0.0578125 0.096875
0 0.853125 0.78125 0.0640625 0.1015625
0 0.86328125 0.66640625 0.1078125 0.1015625
0 0.903125 0.5921875 0.109375 0.125
0 0.790625 0.74765625 0.0578125 0.1390625
0 0.7328125 0.7109375 0.071875 0.1359375
0 0.76484375 0.8578125 0.0609375 0.1140625
0 0.70859375 0.8046875 0.059375 0.0828125
0 0.6890625 0.86953125 0.05 0.084375
0 0.640625 0.93828125 0.0765625 0.11875
0 0.5734375 0.840625 0.078125 0.0921875
0 0.48203125 0.7828125 0.096875 0.1359375
0 0.41015625 0.76328125 0.0734375 0.0984375
0 0.48671875 0.4796875 0.109375 0.1875
0 0.67265625 0.41953125 0.0671875 0.1171875
0 0.73203125 0.41640625 0.078125 0.1234375
0 0.4 0.48515625 0.075 0.1109375
0 0.40859375 0.365625 0.0859375 0.071875
0 0.3328125 0.35234375 0.05625 0.0453125
0 0.34453125 0.4109375 0.0890625 0.115625
0 0.46796875 0.88671875 0.115625 0.1140625
0 0.490625 0.98359375 0.05625 0.0328125
0 0.5765625 0.95078125 0.1 0.0984375
0 0.771875 0.98671875 0.05625 0.0265625
0 0.690625 0.98203125 0.075 0.0359375