0 0.225 0.3703125 0.45 0.740625
0 0.7125 0.40234375 0.525 0.7140625
0 0.23125 0.85625 0.315625 0.19375
0 0.51875 0.80390625 0.053125 0.0890625
0 0.6109375 0.9671875 0.05625 0.065625
0 0.51875 0.78203125 0.034375 0.0453125
0 0.59140625 0.78515625 0.0421875 0.0515625
0 0.55546875 0.79765625 0.0609375 0.0765625
0 0.5703125 0.79453125 0.046875 0.0703125
0 0.459375 0.78515625 0.01875 0.0515625
0 0.471875 0.790625 0.04375 0.0625
0 0.4640625 0.78203125 0.028125 0.0453125
0 0.51953125 0.7859375 0.0453125 0.053125
0 0.4703125 0.78359375 0.034375 0.0484375
0 0.4640625 0.784375 0.028125 0.05
0 0.4625 0.80546875 0.025 0.0921875
0 0.46171875 0.78203125 0.0234375 0.0453125
0 0.61875 0.79296875 0.046875 0.0671875
0 0.46015625 0.77734375 0.0203125 0.0359375
0 0.45625 0.7875 0.0125 0.05625
0 0.5640625 0.7953125 0.0625 0.071875
0 0.6859375 0.803125 0.08125 0.0875
0 0.72890625 0.790625 0.0828125 0.0625
0 0.78125 0.7875 0.134375 0.05625
0 0.47109375 0.8015625 0.0421875 0.084375
0 0.46875 0.78984375 0.0375 0.0609375
0 0.46640625 0.78984375 0.0328125 0.0609375
0 0.478125 0.78984375 0.05625 0.0609375
0 0.4734375 0.784375 0.046875 0.05
0 0.7890625 0.80234375 0.09375 0.0859375
0 0.77890625 0.81875 0.1328125 0.11875
0 0.67265625 0.7984375 0.0578125 0.078125
0 0.94375 0.79921875 0.1125 0.0796875
0 0.8328125 0.78984375 0.096875 0.0609375
0 0.921875 0.78828125 0.15625 0.0578125
0 0.6640625 0.80078125 0.053125 0.0828125
0 0.4796875 0.88515625 0.046875 0.109375
0 0.47421875 0.79609375 0.0453125 0.0734375
0 0.5171875 0.81640625 0.04375 0.1140625
0 0.46328125 0.7828125 0.0265625 0.046875
0 0.46953125 0.78046875 0.0390625 0.0421875
0 0.62890625 0.7859375 0.0421875 0.053125