0 0.259375 0.21484375 0.51875 0.4296875
0 0.53203125 0.29609375 0.0265625 0.2671875
0 0.53203125 0.290625 0.0265625 0.278125
0 0.8125 0.28203125 0.084375 0.2953125
0 0.53359375 0.2796875 0.0296875 0.2375
0 0.5359375 0.2875 0.034375 0.284375
0 0.59296875 0.27578125 0.0765625 0.2359375
0 0.96796875 0.271875 0.0640625 0.315625
0 0.903125 0.271875 0.078125 0.315625
0 0.67734375 0.24140625 0.0515625 0.215625
0 0.73046875 0.2828125 0.0421875 0.2625
0 0.765625 0.3984375 0.034375 0.0625
0 0.71796875 0.41484375 0.0265625 0.0296875
0 0.67265625 0.38203125 0.0484375 0.0953125
0 0.0796875 0.64453125 0.159375 0.4296875
0 0.0609375 0.63984375 0.121875 0.4203125
0 0.1015625 0.63125 0.19375 0.403125
0 0.35234375 0.67734375 0.18125 0.278125
0 0.2125 0.6484375 0.14375 0.3515625
0 0.49453125 0.69609375 0.0484375 0.2203125
0 0.85625 0.84140625 0.2875 0.1546875