0 0.84609375 0.28828125 0.0828125 0.2828125
0 0.94765625 0.2515625 0.0625 0.2609375
0 0.9828125 0.26171875 0.034375 0.2296875
0 0.5265625 0.3015625 0.015625 0.109375
0 0.56328125 0.284375 0.0890625 0.146875
0 0.17578125 0.80859375 0.03125 0.08125
0 0.5078125 0.971875 0.021875 0.05625
0 0.4875 0.88125 0.028125 0.075
0 0.0140625 0.7765625 0.028125 0.115625
0 0.00625 0.71640625 0.0125 0.0609375
0 0.4390625 0.76015625 0.0265625 0.075
0 0.47734375 0.9546875 0.03125 0.0703125
0 0.1953125 0.94921875 0.0375 0.1015625
0 0.2609375 0.73125 0.015625 0.0390625
0 0.0453125 0.95078125 0.04375 0.0984375
0 0.0765625 0.96640625 0.065625 0.0671875
0 0.32109375 0.81953125 0.0203125 0.0484375
0 0.3078125 0.85234375 0.021875 0.053125
0 0.415625 0.7375 0.01875 0.046875
0 0.50390625 0.7953125 0.028125 0.09375
0 0.15 0.88671875 0.028125 0.0671875
0 0.38828125 0.7375 0.0171875 0.046875
0 0.00546875 0.7953125 0.0109375 0.0625
0 0.43828125 0.96171875 0.0453125 0.0765625
0 0.47578125 0.96015625 0.0453125 0.0796875
0 0.31640625 0.925 0.0421875 0.0921875
0 0.23359375 0.87109375 0.04375 0.140625
0 0.11328125 0.91796875 0.04375 0.09375
0 0.00859375 0.921875 0.0171875 0.15625
0 0.140625 0.7515625 0.034375 0.14375
0 0.01171875 0.80078125 0.0234375 0.1390625
0 0.0109375 0.73203125 0.021875 0.1453125
0 0.00703125 0.728125 0.0140625 0.115625
0 0.4703125 0.740625 0.025 0.090625
0 0.34140625 0.68359375 0.025 0.075
0 0.30078125 0.80234375 0.025 0.059375
0 0.36875 0.91796875 0.0234375 0.075
0 0.35859375 0.978125 0.0328125 0.04375
0 0.31796875 0.9859375 0.0234375 0.028125
0 0.4109375 0.953125 0.03125 0.09375
0 0.26171875 0.959375 0.0671875 0.08125
0 0.15078125 0.98671875 0.0421875 0.0265625
0 0.10078125 0.6703125 0.0265625 0.0625
0 0.2859375 0.725 0.015625 0.04375
0 0.00703125 0.7515625 0.0140625 0.071875
0 0.0453125 0.8484375 0.0203125 0.0390625
0 0.05234375 0.68828125 0.025 0.075
0 0.759375 0.59375 0.48125 0.328125