0 0.22734375 0.18828125 0.1421875 0.3765625
0 0.0359375 0.2515625 0.071875 0.503125
0 0.8046875 0.2140625 0.390625 0.428125
0 0.4421875 0.7984375 0.334375 0.403125
0 0.75703125 0.61796875 0.0671875 0.1359375
0 0.9515625 0.77734375 0.0609375 0.2109375
0 0.73671875 0.89375 0.0703125 0.2125
0 0.66875 0.8328125 0.0609375 0.3171875
0 0.625 0.70546875 0.03125 0.1640625
0 0.62734375 0.665625 0.0359375 0.23125
0 0.625 0.6078125 0.03125 0.115625
0 0.86328125 0.93671875 0.1015625 0.1265625
0 0.61875 0.571875 0.01875 0.04375
0 0.9171875 0.71953125 0.084375 0.3390625
0 0.6265625 0.9234375 0.034375 0.153125
0 0.61953125 0.68515625 0.0203125 0.1546875
0 0.615625 0.65234375 0.0125 0.0953125
0 0.62421875 0.88359375 0.0296875 0.2328125
0 0.97421875 0.91796875 0.0515625 0.1640625
0 0.83828125 0.7703125 0.0953125 0.290625
0 0.61796875 0.5765625 0.0171875 0.053125
0 0.615625 0.57421875 0.0125 0.0484375
0 0.6359375 0.57890625 0.053125 0.0578125
0 0.6171875 0.57421875 0.015625 0.0484375
0 0.621875 0.65546875 0.025 0.2109375
0 0.621875 0.72578125 0.025 0.1921875
0 0.63203125 0.8859375 0.0453125 0.228125
0 0.63125 0.89765625 0.04375 0.2046875
0 0.62265625 0.72421875 0.0265625 0.1453125