0 0.10078125 0.24140625 0.2015625 0.4765625
0 0.16484375 0.2859375 0.3296875 0.3875
0 0.6375 0.21328125 0.0375 0.2578125
0 0.63046875 0.44296875 0.0234375 0.0734375
0 0.6625 0.3265625 0.0390625 0.1515625
0 0.75625 0.1375 0.059375 0.2421875
0 0.64140625 0.4421875 0.0453125 0.075
0 0.6265625 0.096875 0.015625 0.096875
0 0.83984375 0.33203125 0.059375 0.2
0 0.64140625 0.4078125 0.0453125 0.14375
0 0.76015625 0.36875 0.0609375 0.1765625
0 0.63984375 0.3265625 0.0421875 0.178125
0 0.79609375 0.0328125 0.0546875 0.065625
0 0.68828125 0.425 0.0390625 0.109375
0 0.62890625 0.4125 0.0203125 0.134375
0 0.75546875 0.0234375 0.0421875 0.046875
0 0.76171875 0.02890625 0.0359375 0.0578125
0 0.63828125 0.36640625 0.0390625 0.2265625
0 0.96171875 0.3953125 0.0765625 0.16875
0 0.90703125 0.34609375 0.0765625 0.2671875
0 0.96875 0.21953125 0.0625 0.2140625
0 0.97578125 0.0640625 0.0484375 0.128125
0 0.64375 0.1375 0.05 0.275
0 0.6328125 0.3765625 0.028125 0.20625
0 0.6390625 0.0984375 0.040625 0.196875
0 0.19375 0.73984375 0.3875 0.5203125
0 0.0265625 0.9734375 0.053125 0.053125
0 0.809375 0.73984375 0.38125 0.5203125