0 0.30625 0.35546875 0.359375 0.7109375
0 0.075 0.37734375 0.06875 0.2046875
0 0.70390625 0.48515625 0.1890625 0.4171875
0 0.47109375 0.86875 0.2765625 0.2375
0 0.4921875 0.875 0.234375 0.25
0 0.18671875 0.87421875 0.2578125 0.2484375
0 0.171875 0.875 0.265625 0.25
0 0.05625 0.875 0.1125 0.25
0 0.08984375 0.86328125 0.1796875 0.2265625
0 0.725 0.8625 0.23125 0.225
0 0.70625 0.875 0.19375 0.25
0 0.9046875 0.8171875 0.190625 0.134375
0 0.92109375 0.9265625 0.1578125 0.146875
0 0.921875 0.7859375 0.15625 0.071875