0 0.08984375 0.1796875 0.1796875 0.359375
0 0.2234375 0.05078125 0.06875 0.1015625
0 0.66953125 0.1796875 0.6609375 0.359375
0 0.04453125 0.56875 0.0890625 0.309375
0 0.0265625 0.6421875 0.053125 0.25625
0 0.02265625 0.84921875 0.0453125 0.1921875
0 0.03046875 0.81328125 0.0609375 0.2171875
0 0.07265625 0.8453125 0.1453125 0.309375
0 0.259375 0.503125 0.159375 0.265625
0 0.24765625 0.759375 0.1765625 0.3703125
0 0.18671875 0.95390625 0.0640625 0.0921875
0 0.29296875 0.959375 0.0921875 0.08125
0 0.5640625 0.7421875 0.16875 0.515625
0 0.796875 0.7515625 0.178125 0.496875
0 0.44765625 0.72265625 0.0859375 0.5546875
0 0.38046875 0.6796875 0.0828125 0.640625
0 0.60859375 0.59765625 0.0890625 0.34375
0 0.678125 0.67734375 0.0828125 0.3078125
0 0.7421875 0.675 0.0640625 0.34375