0 0.134375 0.36484375 0.26875 0.5890625
0 0.7296875 0.3296875 0.540625 0.659375
0 0.01640625 0.71328125 0.0328125 0.1078125
0 0.0109375 0.6859375 0.021875 0.053125
0 0.00546875 0.6875 0.0109375 0.05625
0 0.0140625 0.709375 0.028125 0.1
0 0.0109375 0.7 0.021875 0.08125
0 0.0140625 0.71484375 0.028125 0.1109375
0 0.0703125 0.68046875 0.0375 0.0421875
0 0.02109375 0.71328125 0.0421875 0.1078125
0 0.053125 0.7046875 0.04375 0.090625
0 0.01875 0.678125 0.021875 0.0375
0 0.00859375 0.70703125 0.0171875 0.0953125
0 0.00703125 0.6875 0.0140625 0.05625
0 0.00859375 0.68359375 0.0171875 0.0484375
0 0.01015625 0.70390625 0.0203125 0.0890625
0 0.01015625 0.72734375 0.0203125 0.1359375
0 0.01328125 0.75390625 0.0265625 0.1328125
0 0.01484375 0.72734375 0.0296875 0.1359375
0 0.01015625 0.70078125 0.0203125 0.0828125
0 0.00859375 0.75078125 0.0171875 0.0953125
0 0.01015625 0.7625 0.0203125 0.146875
0 0.00546875 0.68046875 0.0109375 0.0421875
0 0.01171875 0.73203125 0.0234375 0.1453125
0 0.00546875 0.80625 0.0109375 0.071875
0 0.00546875 0.76875 0.0109375 0.109375
0 0.00703125 0.82734375 0.0140625 0.1234375
0 0.0046875 0.81953125 0.009375 0.1046875
0 0.00546875 0.865625 0.0109375 0.078125
0 0.00703125 0.85546875 0.0140625 0.1171875
0 0.00546875 0.890625 0.0109375 0.065625
0 0.00703125 0.88828125 0.0140625 0.0890625
0 0.00703125 0.9359375 0.0140625 0.059375
0 0.00546875 0.94296875 0.0109375 0.0671875
0 0.00546875 0.921875 0.0109375 0.046875
0 0.0046875 0.96796875 0.009375 0.0453125
0 0.00390625 0.96171875 0.0078125 0.0421875
0 0.0046875 0.98203125 0.009375 0.0359375
0 0.15859375 0.69375 0.0578125 0.06875
0 0.1046875 0.68515625 0.0375 0.0515625
0 0.0984375 0.6890625 0.04375 0.059375
0 0.21484375 0.67421875 0.0328125 0.0296875
0 0.259375 0.6703125 0.034375 0.021875
0 0.24453125 0.69921875 0.0484375 0.0796875
0 0.20859375 0.68984375 0.0296875 0.0609375
0 0.1796875 0.68828125 0.034375 0.0578125
0 0.14375 0.6859375 0.03125 0.053125
0 0.08515625 0.6890625 0.0328125 0.059375
0 0.046875 0.68515625 0.034375 0.0515625
0 0.2859375 0.68828125 0.03125 0.0578125
0 0.31484375 0.6796875 0.0234375 0.040625
0 0.36796875 0.703125 0.0765625 0.0875
0 0.2921875 0.6875 0.025 0.05625
0 0.3375 0.68828125 0.046875 0.0578125
0 0.27109375 0.69609375 0.0484375 0.0734375
0 0.17890625 0.69140625 0.0328125 0.0640625
0 0.215625 0.6859375 0.040625 0.053125
0 0.14296875 0.690625 0.0359375 0.0625
0 0.1078125 0.6984375 0.03125 0.078125
0 0.0296875 0.71484375 0.05 0.1109375
0 0.009375 0.77734375 0.01875 0.0890625
0 0.0140625 0.83046875 0.028125 0.1109375
0 0.00390625 0.9375 0.0078125 0.125
0 0.00546875 0.9703125 0.0109375 0.059375
0 0.43515625 0.6796875 0.0265625 0.040625
0 0.38828125 0.68984375 0.0453125 0.0609375
0 0.3375 0.6796875 0.01875 0.040625
0 0.31171875 0.6765625 0.0203125 0.034375
0 0.215625 0.70546875 0.034375 0.0921875
0 0.1796875 0.70859375 0.0375 0.0984375
0 0.43203125 0.70625 0.0546875 0.09375
0 0.42734375 0.70625 0.0484375 0.09375
0 0.38046875 0.6890625 0.0265625 0.059375
0 0.27109375 0.87734375 0.040625 0.1484375
0 0.14453125 0.81796875 0.0234375 0.1
0 0.19375 0.7875 0.03125 0.065625
0 0.21015625 0.86484375 0.034375 0.1
0 0.025 0.83203125 0.028125 0.090625
0 0.00703125 0.84921875 0.0140625 0.0703125
0 0.00546875 0.87890625 0.0109375 0.0796875
0 0.009375 0.81328125 0.01875 0.1015625
0 0.0078125 0.796875 0.015625 0.084375
0 0.11640625 0.9640625 0.0234375 0.071875
0 0.09765625 0.9890625 0.0203125 0.021875
0 0.375 0.9609375 0.025 0.078125
0 0.334375 0.79375 0.0390625 0.0984375
0 0.271875 0.76015625 0.025 0.09375
0 0.24609375 0.7828125 0.028125 0.090625
0 0.42578125 0.8171875 0.0390625 0.0984375
0 0.14375 0.984375 0.015625 0.03125
0 0.11484375 0.8828125 0.0203125 0.078125
0 0.1453125 0.91328125 0.01875 0.0671875
0 0.11328125 0.796875 0.0171875 0.059375
0 0.31796875 0.70625 0.0203125 0.0671875
0 0.29375 0.73671875 0.028125 0.1296875
0 0.35234375 0.68671875 0.0234375 0.0546875
0 0.38671875 0.753125 0.028125 0.09375
0 0.31875 0.86875 0.0265625 0.0796875
0 0.30078125 0.87421875 0.0234375 0.0625
0 0.31796875 0.98515625 0.0265625 0.0296875
0 0.24453125 0.9671875 0.0234375 0.065625
0 0.2109375 0.96015625 0.025 0.0796875
0 0.415625 0.91953125 0.0234375 0.0875
0 0.03046875 0.9890625 0.0203125 0.021875
0 0.1796875 0.93828125 0.034375 0.1
0 0.0046875 0.909375 0.009375 0.075
0 0.00390625 0.93984375 0.0078125 0.0609375
0 0.00546875 0.87109375 0.0109375 0.0671875
0 0.00546875 0.8890625 0.0109375 0.071875
0 0.00546875 0.91640625 0.0109375 0.0640625
0 0.03359375 0.9015625 0.015625 0.053125
0 0.0703125 0.85703125 0.028125 0.0703125
0 0.0671875 0.78984375 0.0125 0.053125
0 0.00390625 0.91015625 0.0078125 0.0546875
0 0.00546875 0.9375 0.0109375 0.071875
0 0.0046875 0.95 0.009375 0.05
0 0.003125 0.95078125 0.00625 0.0421875
0 0.00546875 0.9109375 0.0109375 0.075
0 0.003125 0.9625 0.00625 0.06875
0 0.003125 0.98359375 0.00625 0.0328125
0 0.00546875 0.98515625 0.0109375 0.0296875
0 0.453125 0.8375 0.0125 0.075
0 0.0609375 0.9421875 0.0171875 0.053125
0 0.075 0.921875 0.0171875 0.040625
0 0.09140625 0.89296875 0.0203125 0.0578125
0 0.08046875 0.965625 0.0203125 0.06875
0 0.00390625 0.9734375 0.0078125 0.053125
0 0.45 0.97734375 0.01875 0.0453125
0 0.0046875 0.98671875 0.009375 0.0265625
0 0.003125 0.934375 0.00625 0.0625
0 0.00390625 0.9796875 0.0078125 0.040625
0 0.5015625 0.70703125 0.084375 0.0953125
0 0.6171875 0.703125 0.1375 0.0875
0 0.4875 0.69921875 0.05625 0.0796875
0 0.85390625 0.7140625 0.1734375 0.109375
0 0.75078125 0.703125 0.1296875 0.0875
0 0.5109375 0.69453125 0.103125 0.0703125
0 0.884375 0.8296875 0.23125 0.340625