0 0.034375 0.13984375 0.06875 0.2796875
0 0.04375 0.16875 0.0515625 0.1375
0 0.23671875 0.25 0.10625 0.203125
0 0.3796875 0.08828125 0.09375 0.1765625
0 0.32109375 0.0796875 0.0984375 0.159375
0 0.203125 0.08828125 0.09375 0.1765625
0 0.13515625 0.12578125 0.0625 0.184375
0 0.02734375 0.12890625 0.0546875 0.2578125
0 0.05703125 0.0171875 0.0453125 0.034375
0 0.0953125 0.015625 0.028125 0.03125
0 0.16875 0.01171875 0.0375 0.0234375
0 0.2640625 0.01640625 0.03125 0.0328125
0 0.2421875 0.00859375 0.01875 0.0171875
0 0.43046875 0.0171875 0.0390625 0.034375
0 0.73984375 0.25 0.5203125 0.5
0 0.18515625 0.8734375 0.3703125 0.253125
0 0.4171875 0.959375 0.125 0.08125
0 0.0203125 0.8984375 0.040625 0.203125
0 0.78515625 0.75 0.4296875 0.5
0 0.55078125 0.5375 0.0890625 0.075
0 0.6765625 0.5296875 0.0875 0.059375