0 0.15 0.15625 0.2 0.2234375
0 0.7234375 0.22578125 0.26875 0.4515625
0 0.29140625 0.9328125 0.0390625 0.134375
0 0.64609375 0.80234375 0.1140625 0.3671875
0 0.625 0.71015625 0.071875 0.1828125
0 0.775 0.709375 0.184375 0.18125
0 0.9640625 0.85859375 0.071875 0.2828125
0 0.78046875 0.8171875 0.2390625 0.365625
0 0.95 0.72109375 0.1 0.2046875
0 0.62109375 0.8140625 0.0640625 0.371875
0 0.6234375 0.71484375 0.06875 0.1921875
0 0.61796875 0.8265625 0.0578125 0.346875
0 0.61015625 0.71640625 0.0421875 0.1953125