0 0.29375 0.05078125 0.10625 0.1015625
0 0.02265625 0.03671875 0.0453125 0.0734375
0 0.15 0.06796875 0.09375 0.1359375
0 0.21015625 0.053125 0.0984375 0.10625
0 0.3265625 0.04453125 0.09375 0.0890625
0 0.39140625 0.04609375 0.0546875 0.0921875
0 0.0203125 0.025 0.040625 0.05
0 0.36171875 0.015625 0.0359375 0.03125
0 0.2671875 0.0328125 0.03125 0.065625
0 0.2890625 0.05 0.01875 0.034375
0 0.10078125 0.0625 0.0390625 0.0703125
0 0.01640625 0.03359375 0.0328125 0.0671875
0 0.03046875 0.04765625 0.0609375 0.0953125
0 0.74453125 0.21171875 0.1109375 0.3765625
0 0.4765625 0.2 0.115625 0.4
0 0.43828125 0.2640625 0.0390625 0.271875
0 0.60390625 0.28046875 0.0796875 0.2390625
0 0.92734375 0.2921875 0.1453125 0.215625
0 0.21640625 0.6765625 0.4046875 0.553125
0 0.52421875 0.75859375 0.2109375 0.4828125