0 0.034375 0.23125 0.06875 0.365625
0 0.0125 0.159375 0.025 0.1375
0 0.178125 0.08984375 0.10625 0.1796875
0 0.4890625 0.1375 0.021875 0.146875
0 0.32265625 0.28671875 0.09375 0.271875
0 0.26328125 0.275 0.0984375 0.2140625
0 0.14609375 0.23984375 0.09375 0.178125
0 0.07734375 0.20234375 0.0625 0.184375
0 0.02734375 0.21015625 0.0546875 0.2828125
0 0.0109375 0.321875 0.021875 0.059375
0 0.03828125 0.34921875 0.028125 0.0625
0 0.11171875 0.34765625 0.0375 0.046875
0 0.20625 0.371875 0.03125 0.065625
0 0.184375 0.3890625 0.01875 0.034375
0 0.37265625 0.4015625 0.0390625 0.0703125
0 0.4578125 0.334375 0.084375 0.190625
0 0.5625 0.1890625 0.125 0.378125
0 0.3796875 0.97265625 0.015625 0.0546875
0 0.03984375 0.9734375 0.0140625 0.053125
0 0.3515625 0.91796875 0.0140625 0.0625
0 0.28203125 0.98359375 0.0140625 0.0328125
0 0.334375 0.9828125 0.01875 0.034375
0 0.07265625 0.7640625 0.0109375 0.046875
0 0.125 0.971875 0.015625 0.05625
0 0.678125 0.89453125 0.1453125 0.09375