0 0.034375 0.225 0.06875 0.328125
0 0.0125 0.171875 0.025 0.1375
0 0.16875 0.09609375 0.10625 0.1921875
0 0.29765625 0.27578125 0.0640625 0.2265625
0 0.25390625 0.284375 0.0984375 0.209375
0 0.13671875 0.25234375 0.09375 0.178125
0 0.06796875 0.21484375 0.0625 0.184375
0 0.02734375 0.22265625 0.0546875 0.2828125
0 0.0109375 0.334375 0.021875 0.059375
0 0.028125 0.359375 0.028125 0.059375
0 0.10234375 0.36015625 0.0375 0.046875
0 0.196875 0.3703125 0.03125 0.0375
0 0.8125 0.17890625 0.1359375 0.140625
0 0.37578125 0.0703125 0.0921875 0.140625
0 0.70703125 0.028125 0.0890625 0.05625
0 0.08984375 0.69453125 0.1796875 0.6109375
0 0.909375 0.6484375 0.18125 0.475