0 0.9265625 0.425 0.1390625 0.365625
0 0.7203125 0.353125 0.0515625 0.1375
0 0.52734375 0.271875 0.10625 0.203125
0 0.18203125 0.33125 0.090625 0.146875
0 0.38359375 0.48046875 0.09375 0.271875
0 0.44296875 0.46875 0.0984375 0.2140625
0 0.56015625 0.43359375 0.09375 0.178125
0 0.62890625 0.39609375 0.0625 0.184375
0 0.83203125 0.4046875 0.1109375 0.2828125
0 0.040625 0.51015625 0.08125 0.1015625
0 0.70703125 0.51640625 0.0453125 0.059375
0 0.66796875 0.54296875 0.028125 0.0625
0 0.59453125 0.54140625 0.0359375 0.046875
0 0.5 0.565625 0.03125 0.065625
0 0.521875 0.5828125 0.01875 0.034375
0 0.33359375 0.5953125 0.0390625 0.0703125
0 0.14140625 0.50859375 0.0671875 0.1359375
0 0.22890625 0.52890625 0.121875 0.190625