0 0.0734375 0.575 0.1390625 0.365625
0 0.2796875 0.646875 0.0515625 0.1375
0 0.47265625 0.728125 0.10625 0.203125
0 0.81796875 0.66875 0.090625 0.146875
0 0.61640625 0.51953125 0.09375 0.271875
0 0.55703125 0.53125 0.0984375 0.2140625
0 0.43984375 0.56640625 0.09375 0.178125
0 0.37109375 0.60390625 0.0625 0.184375
0 0.16796875 0.5953125 0.1109375 0.2828125
0 0.959375 0.48984375 0.08125 0.1015625
0 0.29296875 0.48359375 0.0453125 0.059375
0 0.33203125 0.45703125 0.028125 0.0625
0 0.40546875 0.45859375 0.0375 0.046875
0 0.5 0.434375 0.03125 0.065625
0 0.478125 0.4171875 0.01875 0.034375
0 0.66640625 0.4046875 0.0390625 0.0703125
0 0.85859375 0.49140625 0.0671875 0.1359375
0 0.77109375 0.47109375 0.121875 0.190625