0 0.31484375 0.26875 0.0828125 0.2859375
0 0.41640625 0.3078125 0.0625 0.2609375
0 0.46640625 0.29765625 0.0625 0.2296875
0 0.0078125 0.25625 0.015625 0.109375
0 0.03828125 0.27421875 0.0765625 0.1453125
0 0.834375 0.29921875 0.16875 0.5015625
0 0.58828125 0.303125 0.1765625 0.49375
0 0.97421875 0.4921875 0.0515625 0.115625
0 0.26953125 0.8375 0.3203125 0.325
0 0.54609375 0.72109375 0.0921875 0.3421875
0 0.86875 0.775 0.2625 0.45
0 0.6171875 0.775 0.234375 0.45
0 0.5328125 0.93515625 0.065625 0.1296875
0 0.52109375 0.77265625 0.0421875 0.3171875