0 0.2546875 0.19453125 0.509375 0.3890625
0 0.7546875 0.1609375 0.490625 0.321875
0 0.0640625 0.5296875 0.128125 0.28125
0 0.7375 0.934375 0.19375 0.13125
0 0.6828125 0.771875 0.1265625 0.13125
0 0.96015625 0.725 0.0796875 0.109375
0 0.72109375 0.65234375 0.1109375 0.096875
0 0.8171875 0.67109375 0.0671875 0.071875
0 0.546875 0.915625 0.075 0.1
0 0.57421875 0.95859375 0.1296875 0.0828125
0 0.5546875 0.92421875 0.090625 0.1515625
0 0.54375 0.84375 0.06875 0.103125
0 0.5421875 0.734375 0.065625 0.171875
0 0.55859375 0.8296875 0.0984375 0.140625
0 0.56328125 0.6125 0.0796875 0.0625
0 0.5328125 0.653125 0.046875 0.1125
0 0.63203125 0.71171875 0.05 0.1046875
0 0.88984375 0.57578125 0.1046875 0.1078125
0 0.90703125 0.64140625 0.1140625 0.109375
0 0.5328125 0.76875 0.046875 0.16875
0 0.5421875 0.7671875 0.065625 0.171875
0 0.5421875 0.63671875 0.065625 0.0953125
0 0.53203125 0.615625 0.0453125 0.0625
0 0.65390625 0.5515625 0.06875 0.0640625
0 0.675 0.47890625 0.053125 0.05