0 0.63671875 0.2796875 0.1265625 0.440625
0 0.04375 0.25 0.0875 0.5
0 0.809375 0.3390625 0.21875 0.259375
0 0.8 0.02421875 0.121875 0.0484375
0 0.01328125 0.86328125 0.0265625 0.2109375
0 0.01015625 0.83671875 0.0203125 0.1796875
0 0.01171875 0.6703125 0.0234375 0.159375
0 0.009375 0.73203125 0.01875 0.3015625
0 0.00859375 0.728125 0.0171875 0.153125
0 0.0265625 0.759375 0.053125 0.175
0 0.021875 0.659375 0.025 0.0859375
0 0.01640625 0.65859375 0.0328125 0.2203125
0 0.0109375 0.60625 0.021875 0.1625
0 0.0078125 0.54296875 0.015625 0.0859375
0 0.00390625 0.98203125 0.0078125 0.0359375
0 0.02265625 0.94921875 0.0359375 0.1015625
0 0.0140625 0.92421875 0.028125 0.1296875
0 0.06171875 0.8953125 0.0328125 0.1375
0 0.2921875 0.96640625 0.090625 0.0671875
0 0.38515625 0.90546875 0.0703125 0.1890625
0 0.50703125 0.8484375 0.05625 0.209375
0 0.46640625 0.97890625 0.0359375 0.0421875
0 0.428125 0.7765625 0.059375 0.15625
0 0.54453125 0.9234375 0.0515625 0.153125
0 0.6140625 0.9140625 0.059375 0.171875
0 0.690625 0.7734375 0.01875 0.1875
0 0.66953125 0.63125 0.0609375 0.2625
0 0.49140625 0.67421875 0.0484375 0.2046875
0 0.55078125 0.659375 0.0609375 0.31875
0 0.665625 0.53671875 0.034375 0.0734375
0 0.6796875 0.54140625 0.040625 0.0828125
0 0.603125 0.5375 0.0625 0.075
0 0.41796875 0.54453125 0.0390625 0.0890625
0 0.44140625 0.5296875 0.0390625 0.059375
0 0.40234375 0.5234375 0.0359375 0.046875
0 0.34140625 0.63828125 0.0265625 0.15625
0 0.28359375 0.7703125 0.0453125 0.2765625
0 0.3421875 0.81015625 0.0515625 0.184375
0 0.24765625 0.76328125 0.0375 0.171875
0 0.1359375 0.93359375 0.04375 0.1328125
0 0.425 0.64765625 0.059375 0.140625
0 0.37265625 0.6515625 0.046875 0.203125
0 0.10234375 0.72890625 0.0328125 0.134375
0 0.09921875 0.61328125 0.0390625 0.1421875
0 0.1359375 0.70078125 0.034375 0.134375
0 0.34375 0.5265625 0.028125 0.053125
0 0.3609375 0.5234375 0.028125 0.046875
0 0.32265625 0.5375 0.0390625 0.075
0 0.3640625 0.5359375 0.034375 0.071875
0 0.153125 0.525 0.034375 0.05
0 0.21640625 0.53203125 0.0296875 0.0640625
0 0.21484375 0.6046875 0.028125 0.1140625
0 0.296875 0.528125 0.025 0.05625
0 0.55546875 0.5265625 0.0296875 0.053125
0 0.62890625 0.5203125 0.0203125 0.040625
0 0.17890625 0.5890625 0.034375 0.134375
0 0.0140625 0.515625 0.021875 0.03125
0 0.00703125 0.52265625 0.0140625 0.0453125
0 0.0671875 0.5671875 0.03125 0.134375
0 0.18203125 0.9015625 0.046875 0.190625
0 0.0078125 0.9125 0.015625 0.1375
0 0.253125 0.53046875 0.040625 0.0609375
0 0.55078125 0.5265625 0.0203125 0.053125
0 0.509375 0.51875 0.021875 0.0375
0 0.85 0.69921875 0.3 0.3984375