0 0.07578125 0.184375 0.1515625 0.36875
0 0.8546875 0.05859375 0.13125 0.1171875
0 0.5625 0.07734375 0.146875 0.1546875
0 0.53046875 0.07421875 0.0828125 0.1484375
0 0.68203125 0.08984375 0.1859375 0.1796875
0 0.9390625 0.0359375 0.084375 0.071875
0 0.9671875 0.08984375 0.0625 0.096875
0 0.8953125 0.05625 0.059375 0.1125
0 0.8390625 0.09375 0.0671875 0.0984375
0 0.78515625 0.02890625 0.0921875 0.0578125
0 0.6359375 0.02734375 0.071875 0.0546875
0 0.70234375 0.0328125 0.0546875 0.065625
0 0.77265625 0.0734375 0.059375 0.1
0 0.921875 0.14609375 0.05 0.0765625
0 0.96171875 0.16640625 0.0359375 0.075
0 0.99140625 0.23046875 0.0171875 0.0890625
0 0.584375 0.12734375 0.0484375 0.0875
0 0.66640625 0.14140625 0.0359375 0.078125
0 0.565625 0.18828125 0.040625 0.0828125
0 0.52109375 0.0625 0.0640625 0.125
0 0.5359375 0.07265625 0.09375 0.1453125
0 0.50859375 0.0359375 0.0390625 0.071875
0 0.51328125 0.05 0.0484375 0.1
0 0.503125 0.07109375 0.028125 0.1359375
0 0.5015625 0.11875 0.025 0.09375
0 0.5015625 0.09296875 0.025 0.0984375
0 0.49921875 0.13515625 0.0203125 0.0953125
0 0.49921875 0.18203125 0.0203125 0.0640625
0 0.49765625 0.22734375 0.0171875 0.0609375
0 0.49765625 0.25703125 0.0171875 0.0671875
0 0.49921875 0.209375 0.0203125 0.06875
0 0.6625 0.30859375 0.0609375 0.090625
0 0.49921875 0.27421875 0.0203125 0.0640625
0 0.5171875 0.16875 0.0375 0.0703125
0 0.28125 0.6453125 0.415625 0.553125
0 0.94453125 0.72109375 0.0453125 0.1375
0 0.9875 0.5234375 0.025 0.13125
0 0.61484375 0.95078125 0.0703125 0.0984375
0 0.59765625 0.50859375 0.0328125 0.10625
0 0.50078125 0.53203125 0.0234375 0.0609375
0 0.7328125 0.51171875 0.034375 0.0734375
0 0.83125 0.40234375 0.040625 0.0671875
0 0.76015625 0.75 0.034375 0.1234375
0 0.8875 0.67109375 0.0640625 0.2859375
0 0.721875 0.90234375 0.071875 0.1953125
0 0.83515625 0.953125 0.0421875 0.09375
0 0.6265625 0.66328125 0.03125 0.078125
0 0.5625 0.56796875 0.03125 0.0828125
0 0.534375 0.6359375 0.028125 0.0515625
0 0.5234375 0.75546875 0.06875 0.2078125
0 0.69765625 0.67421875 0.0671875 0.1875
0 0.74375 0.6046875 0.0671875 0.134375
0 0.81484375 0.6296875 0.059375 0.1015625
0 0.85078125 0.69609375 0.0390625 0.1171875
0 0.79375 0.9046875 0.05625 0.190625
0 0.92265625 0.9515625 0.0546875 0.096875
0 0.95078125 0.61171875 0.0671875 0.1171875
0 0.98671875 0.71328125 0.0265625 0.1640625
0 0.5828125 0.725 0.0390625 0.1328125
0 0.646875 0.6828125 0.053125 0.2078125
0 0.7984375 0.5515625 0.028125 0.075
0 0.86171875 0.44609375 0.021875 0.0625
0 0.88984375 0.42421875 0.021875 0.053125
0 0.88203125 0.48828125 0.015625 0.075
0 0.9046875 0.459375 0.025 0.059375
0 0.76953125 0.41484375 0.0203125 0.0453125
0 0.78828125 0.4359375 0.0203125 0.0484375
0 0.80703125 0.43203125 0.01875 0.04375
0 0.65546875 0.53359375 0.0265625 0.0546875
0 0.6671875 0.56796875 0.01875 0.0484375
0 0.69453125 0.53046875 0.0203125 0.0671875
0 0.60390625 0.384375 0.0296875 0.03125
0 0.690625 0.3796875 0.01875 0.021875
0 0.49609375 0.45234375 0.0140625 0.0484375