0 0.103125 0.1578125 0.20625 0.2625
0 0.3421875 0.103125 0.153125 0.20625
0 0.38671875 0.0328125 0.0640625 0.065625
0 0.13125 0.02734375 0.096875 0.0546875
0 0.371875 0.02421875 0.09375 0.0484375
0 0.06640625 0.03359375 0.0796875 0.0671875
0 0.28359375 0.01796875 0.0671875 0.0359375
0 0.3359375 0.234375 0.165625 0.109375
0 0.2109375 0.0265625 0.103125 0.053125
0 0.19453125 0.02734375 0.1140625 0.0546875
0 0.79609375 0.14453125 0.4078125 0.2890625
0 0.25703125 0.75390625 0.3234375 0.4921875
0 0.709375 0.5703125 0.58125 0.48125