0 0.375 0.10078125 0.06875 0.2015625
0 0.18359375 0.15859375 0.19375 0.2734375
0 0.128125 0.3921875 0.1265625 0.13125
0 0.3875 0.4390625 0.04375 0.109375
0 0.16640625 0.51171875 0.1109375 0.096875
0 0.2625 0.49296875 0.0671875 0.0703125
0 0.146875 0.02890625 0.29375 0.0578125
0 0.0609375 0.02890625 0.121875 0.0578125
0 0.04296875 0.071875 0.0859375 0.14375
0 0.05 0.12109375 0.1 0.1828125
0 0.0375 0.246875 0.075 0.1
0 0.06484375 0.1625 0.1296875 0.165625
0 0.0453125 0.2390625 0.090625 0.153125
0 0.034375 0.31875 0.06875 0.103125
0 0.0328125 0.4296875 0.065625 0.171875
0 0.0296875 0.33359375 0.059375 0.1390625
0 0.02421875 0.5515625 0.0484375 0.0625
0 0.0234375 0.509375 0.046875 0.1125
0 0.07734375 0.45234375 0.05 0.1046875
0 0.33515625 0.58828125 0.1046875 0.10625
0 0.35234375 0.52265625 0.1140625 0.109375
0 0.0234375 0.39375 0.046875 0.16875
0 0.0328125 0.396875 0.065625 0.171875
0 0.0328125 0.52734375 0.065625 0.0953125
0 0.02265625 0.5484375 0.0453125 0.0625
0 0.09921875 0.6125 0.06875 0.065625
0 0.1203125 0.684375 0.053125 0.05
0 0.8578125 0.0671875 0.128125 0.134375
0 0.590625 0.015625 0.05 0.03125
0 0.9546875 0.0078125 0.0625 0.015625
0 0.42421875 0.03046875 0.0296875 0.0609375
0 0.096875 0.828125 0.19375 0.2375