0 0.12265625 0.86484375 0.2453125 0.2703125
0 0.40234375 0.77265625 0.19375 0.2734375
0 0.4578125 0.5390625 0.1265625 0.13125
0 0.17109375 0.4921875 0.096875 0.109375
0 0.41953125 0.41953125 0.109375 0.096875
0 0.10625 0.396875 0.0796875 0.1359375
0 0.3234375 0.43828125 0.0671875 0.071875
0 0.44375 0.94140625 0.303125 0.1171875
0 0.77890625 0.9421875 0.2453125 0.115625
0 0.9140625 0.89375 0.171875 0.2125
0 0.64140625 0.809375 0.2 0.1828125
0 0.72265625 0.68359375 0.15 0.1
0 0.86640625 0.76796875 0.2609375 0.165625
0 0.90859375 0.6921875 0.1828125 0.153125
0 0.93046875 0.61171875 0.1390625 0.103125
0 0.93359375 0.5015625 0.1328125 0.171875
0 0.59140625 0.596875 0.11875 0.140625
0 0.57734375 0.3796875 0.0796875 0.0625
0 0.63203125 0.42109375 0.09375 0.1125
0 0.50859375 0.47890625 0.05 0.1046875
0 0.25078125 0.34296875 0.103125 0.1078125
0 0.23359375 0.40859375 0.1140625 0.109375
0 0.8078125 0.53671875 0.096875 0.16875
0 0.70234375 0.534375 0.13125 0.171875
0 0.93359375 0.40390625 0.1328125 0.0953125
0 0.82578125 0.3828125 0.090625 0.0625
0 0.48671875 0.31875 0.06875 0.0640625
0 0.465625 0.24609375 0.053125 0.05