0 0.87734375 0.86484375 0.2453125 0.2703125
0 0.59765625 0.77265625 0.19375 0.2734375
0 0.5421875 0.5390625 0.1265625 0.13125
0 0.82890625 0.4921875 0.096875 0.109375
0 0.58046875 0.41953125 0.1109375 0.096875
0 0.89375 0.396875 0.0796875 0.1359375
0 0.6765625 0.43828125 0.0671875 0.071875
0 0.55625 0.94140625 0.303125 0.1171875
0 0.22109375 0.9421875 0.2453125 0.115625
0 0.0859375 0.89375 0.171875 0.2125
0 0.35859375 0.809375 0.2 0.1828125
0 0.27734375 0.68359375 0.15 0.1
0 0.13359375 0.76796875 0.2609375 0.165625
0 0.09140625 0.6921875 0.1828125 0.153125
0 0.06953125 0.61171875 0.1390625 0.103125
0 0.06640625 0.5015625 0.1328125 0.171875
0 0.40859375 0.596875 0.11875 0.140625
0 0.42265625 0.3796875 0.0796875 0.0625
0 0.36796875 0.42109375 0.09375 0.1125
0 0.49140625 0.47890625 0.05 0.1046875
0 0.74921875 0.34296875 0.1046875 0.1078125
0 0.76640625 0.40859375 0.1140625 0.109375
0 0.1921875 0.53671875 0.0953125 0.16875
0 0.29765625 0.534375 0.13125 0.171875
0 0.06640625 0.40390625 0.1328125 0.0953125
0 0.17421875 0.3828125 0.090625 0.0625
0 0.51328125 0.31875 0.06875 0.0640625
0 0.534375 0.24609375 0.053125 0.05