0 0.50390625 0.08828125 0.1296875 0.1765625
0 0.48125 0.2734375 0.1265625 0.13125
0 0.51640625 0.3921875 0.1046875 0.096875
0 0.45625 0.02890625 0.225 0.0578125
0 0.16015625 0.02890625 0.2453125 0.0578125
0 0.05546875 0.053125 0.1109375 0.10625
0 0.296875 0.046875 0.2 0.09375
0 0.21640625 0.12890625 0.15 0.1
0 0.1015625 0.06328125 0.203125 0.1265625
0 0.0609375 0.1203125 0.121875 0.153125
0 0.0390625 0.2 0.078125 0.103125
0 0.0359375 0.3109375 0.071875 0.171875
0 0.34765625 0.215625 0.11875 0.1390625
0 0.36171875 0.4328125 0.0796875 0.0625
0 0.30703125 0.39140625 0.09375 0.1125
0 0.43046875 0.33359375 0.05 0.1046875
0 0.13125 0.27578125 0.0953125 0.16875
0 0.23671875 0.278125 0.13125 0.171875
0 0.0359375 0.40859375 0.071875 0.0953125
0 0.11328125 0.4296875 0.090625 0.0625
0 0.45234375 0.49375 0.06875 0.065625
0 0.4734375 0.56015625 0.053125 0.0390625
0 0.8671875 0.196875 0.059375 0.1640625
0 0.91484375 0.215625 0.0421875 0.146875
0 0.965625 0.209375 0.0578125 0.13125
0 0.9046875 0.03359375 0.065625 0.0671875
0 0.96875 0.03046875 0.04375 0.0609375
0 0.915625 0.02265625 0.0375 0.0453125
0 0.67265625 0.02890625 0.0671875 0.0578125
0 0.6015625 0.059375 0.065625 0.11875
0 0.7140625 0.0375 0.046875 0.075
0 0.85 0.05546875 0.065625 0.1109375
0 0.77578125 0.046875 0.0671875 0.09375
0 0.7765625 0.02578125 0.03125 0.0515625
0 0.728125 0.05859375 0.059375 0.1171875
0 0.796875 0.08125 0.059375 0.1625
0 0.85078125 0.0609375 0.0546875 0.121875
0 0.90390625 0.05625 0.0484375 0.1125
0 0.9421875 0.07265625 0.040625 0.1453125
0 0.58359375 0.0203125 0.0296875 0.040625
0 0.63125 0.07890625 0.04375 0.1578125
0 0.76328125 0.146875 0.0390625 0.1125
0 0.67578125 0.0890625 0.0484375 0.1734375
0 0.584375 0.09296875 0.03125 0.1546875
0 0.58125 0.109375 0.025 0.128125
0 0.5828125 0.24609375 0.028125 0.1453125
0 0.57890625 0.18984375 0.0203125 0.0578125
0 0.578125 0.19921875 0.01875 0.0671875
0 0.58046875 0.278125 0.0234375 0.121875
0 0.61171875 0.26171875 0.03125 0.090625
0 0.7796875 0.3125 0.0484375 0.2375
0 0.725 0.2953125 0.0515625 0.2
0 0.83671875 0.2984375 0.0421875 0.1328125
0 0.88046875 0.30859375 0.0390625 0.109375
0 0.57734375 0.35390625 0.0171875 0.0984375
0 0.58359375 0.421875 0.0296875 0.128125
0 0.57734375 0.4046875 0.0171875 0.103125
0 0.91953125 0.37890625 0.0296875 0.125
0 0.96953125 0.303125 0.0421875 0.078125
0 0.98203125 0.3765625 0.0359375 0.090625
0 0.9578125 0.4046875 0.0421875 0.1265625
0 0.87109375 0.41640625 0.0453125 0.109375
0 0.83203125 0.42578125 0.0328125 0.1171875
0 0.803125 0.47890625 0.0390625 0.1109375
0 0.7703125 0.4671875 0.0296875 0.078125
0 0.72109375 0.42265625 0.0421875 0.0765625
0 0.73984375 0.503125 0.034375 0.0859375
0 0.84296875 0.51796875 0.025 0.078125
0 0.93125 0.515625 0.034375 0.0828125
0 0.98515625 0.4828125 0.0296875 0.090625
0 0.984375 0.55625 0.03125 0.046875
0 0.57734375 0.5421875 0.0171875 0.075
0 0.57578125 0.47109375 0.0140625 0.0734375
0 0.515625 0.90234375 0.10625 0.1546875
0 0.73515625 0.87265625 0.3328125 0.2546875