0 0.0625 0.3609375 0.125 0.13125
0 0.31953125 0.3140625 0.0390625 0.109375
0 0.10078125 0.24140625 0.1109375 0.096875
0 0.196875 0.26015625 0.0671875 0.071875
0 0.034375 0.40546875 0.06875 0.0484375
0 0.0328125 0.3234375 0.065625 0.171875
0 0.0296875 0.3890625 0.059375 0.08125
0 0.01953125 0.2015625 0.0390625 0.0625
0 0.0234375 0.2421875 0.046875 0.1125
0 0.01796875 0.30078125 0.0359375 0.1046875
0 0.26953125 0.16484375 0.1046875 0.1078125
0 0.284375 0.2296875 0.109375 0.109375
0 0.0234375 0.3515625 0.046875 0.15625
0 0.0328125 0.35 0.065625 0.159375
0 0.0328125 0.22578125 0.065625 0.0953125
0 0.02265625 0.2046875 0.0453125 0.0625
0 0.03359375 0.13984375 0.0671875 0.0640625
0 0.0546875 0.06796875 0.053125 0.05
0 0.8171875 0.04453125 0.053125 0.0890625
0 0.909375 0.39609375 0.05625 0.0671875
0 0.8171875 0.02265625 0.034375 0.0453125
0 0.88984375 0.04296875 0.0421875 0.0859375
0 0.85390625 0.03828125 0.0609375 0.0765625
0 0.86875 0.03515625 0.046875 0.0703125
0 0.7203125 0.02578125 0.0375 0.0515625
0 0.76953125 0.03125 0.0453125 0.0625
0 0.75859375 0.02265625 0.0359375 0.0453125
0 0.81796875 0.0265625 0.0453125 0.053125
0 0.76875 0.02421875 0.034375 0.0484375
0 0.75 0.025 0.053125 0.05
0 0.62734375 0.04609375 0.0515625 0.0921875
0 0.675 0.02265625 0.046875 0.0453125
0 0.9171875 0.03359375 0.046875 0.0671875
0 0.6734375 0.01796875 0.040625 0.0359375
0 0.69453125 0.028125 0.0265625 0.05625
0 0.8625 0.1703125 0.0625 0.1453125
0 0.971875 0.04375 0.05625 0.0875
0 0.5703125 0.0421875 0.084375 0.084375
0 0.69765625 0.03046875 0.0765625 0.0609375
0 0.66953125 0.03046875 0.0671875 0.0609375
0 0.47421875 0.03046875 0.1140625 0.0609375
0 0.578125 0.04921875 0.09375 0.0984375
0 0.97109375 0.0390625 0.0578125 0.078125
0 0.9625 0.22265625 0.053125 0.096875
0 0.778125 0.31328125 0.046875 0.109375
0 0.7734375 0.1984375 0.0453125 0.125
0 0.81640625 0.2359375 0.04375 0.13125
0 0.571875 0.0234375 0.053125 0.046875
0 0.384375 0.02109375 0.078125 0.0421875
0 0.92734375 0.0265625 0.0421875 0.053125
0 0.26796875 0.49765625 0.1421875 0.1359375
0 0.2390625 0.6453125 0.1265625 0.13125
0 0.27734375 0.76484375 0.1109375 0.096875
0 0.2203125 0.45859375 0.2375 0.0578125
0 0.0609375 0.45859375 0.121875 0.0578125
0 0.04296875 0.4828125 0.0859375 0.10625
0 0.07734375 0.475 0.1546875 0.090625
0 0.0375 0.5 0.075 0.1
0 0.06484375 0.47109375 0.1296875 0.0828125
0 0.0453125 0.49921875 0.090625 0.1390625
0 0.034375 0.571875 0.06875 0.103125
0 0.0328125 0.6828125 0.065625 0.171875
0 0.10546875 0.5875 0.11875 0.1390625
0 0.11953125 0.8046875 0.0796875 0.0625
0 0.06484375 0.76328125 0.09375 0.1125
0 0.18828125 0.70546875 0.05 0.1046875
0 0.0234375 0.646875 0.046875 0.16875
0 0.0328125 0.65 0.065625 0.171875
0 0.0328125 0.78046875 0.065625 0.0953125
0 0.02265625 0.8015625 0.0453125 0.0625
0 0.21015625 0.865625 0.06875 0.065625
0 0.23125 0.93828125 0.053125 0.05
0 0.59453125 0.7734375 0.1734375 0.453125