0 0.87734375 0.13515625 0.2453125 0.2703125
0 0.59765625 0.22734375 0.19375 0.2734375
0 0.5421875 0.4609375 0.1265625 0.13125
0 0.82890625 0.5078125 0.096875 0.109375
0 0.58046875 0.58046875 0.1109375 0.096875
0 0.89375 0.603125 0.0796875 0.1359375
0 0.6765625 0.56171875 0.0671875 0.0703125
0 0.55625 0.05859375 0.303125 0.1171875
0 0.22109375 0.0578125 0.2453125 0.115625
0 0.0859375 0.10625 0.171875 0.2125
0 0.35859375 0.190625 0.2 0.1828125
0 0.27734375 0.31640625 0.15 0.1
0 0.13359375 0.23203125 0.2609375 0.165625
0 0.09140625 0.3078125 0.1828125 0.153125
0 0.06953125 0.38828125 0.1390625 0.103125
0 0.06640625 0.4984375 0.1328125 0.171875
0 0.40859375 0.403125 0.11875 0.1390625
0 0.42265625 0.6203125 0.0796875 0.0625
0 0.36796875 0.57890625 0.09375 0.1125
0 0.49140625 0.52109375 0.05 0.1046875
0 0.74921875 0.65703125 0.1046875 0.10625
0 0.76640625 0.59140625 0.1140625 0.109375
0 0.1921875 0.46328125 0.0953125 0.16875
0 0.29765625 0.465625 0.13125 0.171875
0 0.06640625 0.59609375 0.1328125 0.0953125
0 0.17421875 0.6171875 0.090625 0.0625
0 0.51328125 0.68125 0.06875 0.065625
0 0.534375 0.75390625 0.053125 0.05