0 0.18671875 0.38359375 0.1265625 0.0921875
0 0.47421875 0.35625 0.096875 0.109375
0 0.22578125 0.28359375 0.1109375 0.096875
0 0.5390625 0.2609375 0.0796875 0.1359375
0 0.321875 0.30234375 0.0671875 0.071875
0 0.0328125 0.3546875 0.065625 0.15
0 0.05625 0.41015625 0.1125 0.0390625
0 0.06796875 0.24375 0.0796875 0.0625
0 0.0296875 0.284375 0.059375 0.1125
0 0.13671875 0.34296875 0.05 0.1046875
0 0.39453125 0.20703125 0.1046875 0.1078125
0 0.41171875 0.27265625 0.1140625 0.109375
0 0.0234375 0.37265625 0.046875 0.1140625
0 0.0328125 0.37109375 0.065625 0.1171875
0 0.0328125 0.26796875 0.065625 0.0953125
0 0.02265625 0.246875 0.0453125 0.0625
0 0.15859375 0.1828125 0.06875 0.0640625
0 0.1796875 0.11015625 0.053125 0.05
0 0.29453125 0.70390625 0.5890625 0.4765625
0 0.696875 0.71484375 0.215625 0.5703125
0 0.95859375 0.68515625 0.0828125 0.2734375
0 0.87578125 0.65 0.1859375 0.259375