0 0.0984375 0.53046875 0.19375 0.1984375
0 0.1546875 0.334375 0.1265625 0.13125
0 0.02421875 0.2875 0.0484375 0.109375
0 0.11640625 0.21484375 0.109375 0.096875
0 0.01953125 0.19140625 0.0390625 0.1359375
0 0.0265625 0.2328125 0.053125 0.071875
0 0.3375 0.57109375 0.2 0.1171875
0 0.41953125 0.47890625 0.15 0.1
0 0.50078125 0.5546875 0.1359375 0.15
0 0.54140625 0.4875 0.0546875 0.153125
0 0.28828125 0.3921875 0.11875 0.140625
0 0.27421875 0.175 0.0796875 0.0625
0 0.32890625 0.21640625 0.09375 0.1125
0 0.20546875 0.27421875 0.05 0.1046875
0 0.02578125 0.13828125 0.0515625 0.1078125
0 0.028125 0.203125 0.05625 0.109375
0 0.5046875 0.33203125 0.096875 0.16875
0 0.39921875 0.3296875 0.13125 0.171875
0 0.52265625 0.178125 0.090625 0.0625
0 0.18359375 0.1140625 0.06875 0.0640625
0 0.1625 0.04140625 0.053125 0.05
0 0.7609375 0.0265625 0.05625 0.053125
0 0.58359375 0.5625 0.0296875 0.11875
0 0.5828125 0.3359375 0.028125 0.1
0 0.9171875 0.37265625 0.0625 0.0796875
0 0.5828125 0.50390625 0.028125 0.0921875
0 0.578125 0.3078125 0.01875 0.0875
0 0.578125 0.328125 0.01875 0.078125
0 0.7484375 0.5921875 0.0625 0.075
0 0.58203125 0.17265625 0.0265625 0.0703125
0 0.5890625 0.3578125 0.040625 0.11875
0 0.65703125 0.27265625 0.05 0.0984375
0 0.57890625 0.2734375 0.0203125 0.071875
0 0.721875 0.18046875 0.053125 0.11875
0 0.58359375 0.15859375 0.0296875 0.0890625
0 0.9375 0.01875 0.03125 0.0375
0 0.58125 0.5875 0.025 0.084375
0 0.58046875 0.45 0.0234375 0.065625
0 0.57890625 0.17734375 0.0203125 0.0921875
0 0.93984375 0.11328125 0.0484375 0.0796875
0 0.85546875 0.171875 0.0515625 0.1046875
0 0.58671875 0.1109375 0.0359375 0.078125
0 0.58203125 0.50703125 0.0265625 0.0859375
0 0.57734375 0.290625 0.0171875 0.0625
0 0.57734375 0.340625 0.0171875 0.071875
0 0.5765625 0.52734375 0.015625 0.0765625
0 0.8625 0.271875 0.0515625 0.1078125
0 0.81796875 0.5484375 0.0578125 0.1109375
0 0.625 0.18828125 0.05 0.0859375
0 0.59140625 0.46484375 0.0453125 0.1140625
0 0.58125 0.2421875 0.025 0.078125
0 0.5875 0.56484375 0.0375 0.0953125
0 0.5828125 0.440625 0.028125 0.1
0 0.85625 0.61875 0.040625 0.021875
0 0.5796875 0.309375 0.021875 0.11875
0 0.978125 0.046875 0.04375 0.09375
0 0.78984375 0.16796875 0.0515625 0.0828125
0 0.5796875 0.4234375 0.021875 0.125
0 0.64296875 0.12578125 0.0421875 0.0609375
0 0.57890625 0.28125 0.0203125 0.08125
0 0.57890625 0.2484375 0.0203125 0.09375
0 0.7578125 0.39453125 0.0390625 0.0796875
0 0.9703125 0.246875 0.05 0.09375
0 0.71796875 0.05078125 0.046875 0.0609375
0 0.815625 0.0953125 0.0578125 0.075
0 0.60390625 0.309375 0.053125 0.1171875
0 0.903125 0.259375 0.046875 0.121875
0 0.6890625 0.11171875 0.040625 0.065625
0 0.5796875 0.103125 0.021875 0.075
0 0.584375 0.4484375 0.03125 0.125
0 0.58125 0.10546875 0.025 0.0859375
0 0.69375 0.42578125 0.0859375 0.121875
0 0.609375 0.39140625 0.0328125 0.059375
0 0.596875 0.52734375 0.0390625 0.0875
0 0.7515625 0.10859375 0.0421875 0.0875
0 0.57734375 0.0609375 0.0171875 0.0625
0 0.575 0.09453125 0.0125 0.0578125
0 0.58125 0.4453125 0.025 0.09375
0 0.9765625 0.3375 0.046875 0.1
0 0.77109375 0.24609375 0.04375 0.0859375
0 0.5765625 0.2453125 0.015625 0.071875
0 0.578125 0.34453125 0.01875 0.0671875
0 0.75234375 0.2890625 0.046875 0.0859375
0 0.640625 0.48046875 0.053125 0.0890625
0 0.57734375 0.103125 0.0171875 0.0625
0 0.57734375 0.09921875 0.0171875 0.0453125
0 0.5796875 0.56953125 0.021875 0.1046875
0 0.97734375 0.0140625 0.0453125 0.028125
0 0.5765625 0.4609375 0.015625 0.084375
0 0.93203125 0.20390625 0.0453125 0.0875
0 0.58828125 0.60625 0.0390625 0.046875
0 0.5796875 0.43203125 0.021875 0.0828125
0 0.8703125 0.54609375 0.05625 0.0828125
0 0.584375 0.52734375 0.03125 0.0921875
0 0.88203125 0.03046875 0.0453125 0.0609375
0 0.759375 0.528125 0.0640625 0.0734375
0 0.590625 0.02890625 0.04375 0.0578125
0 0.60859375 0.06015625 0.0359375 0.0578125
0 0.5765625 0.1703125 0.015625 0.065625
0 0.578125 0.384375 0.01875 0.075
0 0.675 0.53203125 0.046875 0.0796875
0 0.7796875 0.4671875 0.046875 0.071875
0 0.58515625 0.24921875 0.028125 0.059375
0 0.87890625 0.10546875 0.053125 0.06875
0 0.58125 0.40859375 0.025 0.1015625
0 0.61640625 0.27265625 0.040625 0.0828125
0 0.825 0.44453125 0.046875 0.0984375
0 0.8546875 0.3640625 0.0375 0.0609375
0 0.72265625 0.3546875 0.04375 0.078125
0 0.9703125 0.13203125 0.059375 0.0828125
0 0.815625 0.0265625 0.046875 0.053125
0 0.5828125 0.603125 0.028125 0.053125
0 0.934375 0.546875 0.05 0.0828125
0 0.5796875 0.28828125 0.021875 0.0796875
0 0.57734375 0.31328125 0.0171875 0.0671875
0 0.915625 0.60078125 0.0625 0.0578125
0 0.5859375 0.140625 0.034375 0.109375
0 0.57890625 0.2296875 0.0203125 0.05625
0 0.5796875 0.57890625 0.021875 0.0828125
0 0.58203125 0.20546875 0.0265625 0.0890625
0 0.5765625 0.2 0.015625 0.078125
0 0.57890625 0.02734375 0.0203125 0.0546875
0 0.57734375 0.1671875 0.0171875 0.125
0 0.5828125 0.57578125 0.028125 0.0734375
0 0.80390625 0.30078125 0.0390625 0.090625
0 0.578125 0.08125 0.01875 0.06875
0 0.57421875 0.28515625 0.0109375 0.0515625
0 0.57734375 0.0640625 0.0171875 0.075
0 0.99609375 0.26015625 0.0078125 0.1046875
0 0.6921875 0.021875 0.053125 0.04375
0 0.853125 0.0421875 0.046875 0.084375
0 0.5765625 0.015625 0.015625 0.03125
0 0.58046875 0.51796875 0.0234375 0.0734375
0 0.5765625 0.5421875 0.015625 0.06875
0 0.5796875 0.55625 0.021875 0.084375
0 0.5765625 0.22578125 0.015625 0.0578125
0 0.5765625 0.2140625 0.015625 0.05625
0 0.5765625 0.1703125 0.015625 0.053125
0 0.575 0.09140625 0.0125 0.0390625
0 0.575 0.1234375 0.0125 0.05625
0 0.575 0.1125 0.0125 0.025
0 0.575 0.171875 0.0125 0.04375
0 0.575 0.165625 0.0125 0.04375
0 0.5734375 0.2109375 0.009375 0.034375
0 0.57890625 0.23046875 0.0203125 0.0328125
0 0.57734375 0.2140625 0.0171875 0.040625
0 0.57578125 0.1765625 0.0140625 0.046875
0 0.57421875 0.16875 0.0109375 0.028125
0 0.57578125 0.14296875 0.0140625 0.0359375
0 0.57734375 0.128125 0.0171875 0.028125
0 0.5734375 0.1359375 0.009375 0.025
0 0.5765625 0.08125 0.015625 0.0375
0 0.57578125 0.0671875 0.0140625 0.03125
0 0.5734375 0.04921875 0.009375 0.0234375
0 0.5765625 0.040625 0.015625 0.034375
0 0.575 0.06796875 0.0125 0.0203125
0 0.57421875 0.05078125 0.0109375 0.0203125
0 0.5734375 0.01640625 0.009375 0.0203125
0 0.57265625 0.01484375 0.0078125 0.0203125
0 0.57734375 0.04765625 0.0171875 0.0328125
0 0.57421875 0.03984375 0.0109375 0.0421875
0 0.5734375 0.0421875 0.009375 0.021875
0 0.575 0.01875 0.0125 0.021875
0 0.575 0.0078125 0.0125 0.015625
0 0.5734375 0.00546875 0.009375 0.0109375
0 0.575 0.00546875 0.0125 0.0109375
0 0.57421875 0.00859375 0.0109375 0.0171875
0 0.57578125 0.00703125 0.0140625 0.0140625
0 0.57421875 0.0078125 0.0109375 0.015625
0 0.57578125 0.0109375 0.0140625 0.021875
0 0.57421875 0.00703125 0.0109375 0.0140625
0 0.64765625 0.56875 0.0515625 0.0546875
0 0.665625 0.6078125 0.040625 0.04375
0 0.98984375 0.60703125 0.0203125 0.0453125
0 0.9875 0.54296875 0.025 0.0734375
0 0.978125 0.5890625 0.0296875 0.0375
0 0.940625 0.453125 0.05625 0.090625
0 0.97734375 0.41328125 0.0453125 0.0484375
0 0.89140625 0.4078125 0.0296875 0.04375
0 0.915625 0.04296875 0.040625 0.0484375
0 0.93984375 0.0078125 0.0265625 0.015625
0 0.709375 0.01015625 0.059375 0.0203125
0 0.63046875 0.0140625 0.0390625 0.028125
0 0.6640625 0.0140625 0.028125 0.028125
0 0.609375 0.00625 0.028125 0.0125
0 0.575 0.01015625 0.0125 0.0203125
0 0.57890625 0.0046875 0.0203125 0.009375
0 0.5828125 0.01875 0.028125 0.0375
0 0.57734375 0.0078125 0.0171875 0.015625
0 0.578125 0.0296875 0.01875 0.059375
0 0.57578125 0.0359375 0.0140625 0.046875
0 0.5765625 0.06171875 0.015625 0.0484375
0 0.57734375 0.0609375 0.0171875 0.0375
0 0.57890625 0.0171875 0.0203125 0.034375
0 0.57578125 0.0078125 0.0140625 0.015625
0 0.5765625 0.034375 0.015625 0.04375
0 0.57578125 0.01640625 0.0140625 0.0328125
0 0.575 0.0109375 0.0125 0.021875
0 0.57421875 0.0078125 0.0109375 0.015625
0 0.57734375 0.0109375 0.0171875 0.021875
0 0.5734375 0.00546875 0.009375 0.0109375
0 0.575 0.00859375 0.0125 0.0171875
0 0.575 0.00859375 0.0125 0.0171875
0 0.575 0.00625 0.0125 0.0125
0 0.57578125 0.00859375 0.0140625 0.0171875
0 0.57421875 0.00546875 0.0109375 0.0109375
0 0.575 0.01171875 0.0125 0.0234375
0 0.57421875 0.0078125 0.0109375 0.015625
0 0.575 0.00703125 0.0125 0.0140625
0 0.57421875 0.00625 0.0109375 0.0125
0 0.57421875 0.00703125 0.0109375 0.0140625
0 0.57734375 0.015625 0.0171875 0.03125
0 0.571875 0.0359375 0.00625 0.01875
0 0.57265625 0.03671875 0.0078125 0.0171875
0 0.5359375 0.70703125 0.065625 0.1546875
0 0.87421875 0.81484375 0.1734375 0.3703125