0 0.92421875 0.85859375 0.1234375 0.2203125
0 0.75234375 0.85625 0.1640625 0.2125
0 0.37109375 0.6859375 0.075 0.140625
0 0.5546875 0.85 0.1296875 0.203125
0 0.48828125 0.63125 0.075 0.1890625
0 0.0484375 0.54921875 0.096875 0.4078125
0 0.12265625 0.53125 0.1109375 0.3484375
0 0.29375 0.5921875 0.078125 0.31875
0 0.2109375 0.61015625 0.128125 0.265625
0 0.215625 0.8171875 0.08125 0.10625
0 0.03984375 0.8109375 0.078125 0.0625
0 0.61796875 0.525 0.140625 0.6296875
0 0.76953125 0.59453125 0.1875 0.4640625
0 0.89609375 0.61640625 0.0484375 0.1515625
0 0.9375 0.66953125 0.0703125 0.1328125
0 0.390625 0.7890625 0.0390625 0.0609375