0 0.70625 0.053125 0.0875 0.10625
0 0.3625 0.03515625 0.075 0.0703125
0 0.54609375 0.05078125 0.1296875 0.1015625
0 0.4796875 0.046875 0.075 0.09375
0 0.04453125 0.11953125 0.0890625 0.2390625
0 0.11484375 0.11328125 0.1109375 0.2265625
0 0.2859375 0.0796875 0.078125 0.159375
0 0.203125 0.06640625 0.128125 0.1328125
0 0.2078125 0.0265625 0.08125 0.053125
0 0.03515625 0.015625 0.0703125 0.03125
0 0.609375 0.18671875 0.140625 0.3734375
0 0.70859375 0.115625 0.0828125 0.23125
0 0.38203125 0.01484375 0.0390625 0.0296875
0 0.8484375 0.2703125 0.196875 0.359375
0 0.31015625 0.70234375 0.3734375 0.5046875
0 0.93515625 0.81640625 0.0953125 0.3671875
0 0.7640625 0.68359375 0.028125 0.3046875
0 0.775 0.71796875 0.05 0.3546875
0 0.8171875 0.70390625 0.134375 0.5078125