0 0.33203125 0.1421875 0.075 0.140625
0 0.51484375 0.28671875 0.1296875 0.1640625
0 0.4484375 0.090625 0.075 0.18125
0 0.02890625 0.1046875 0.0578125 0.209375
0 0.08359375 0.08671875 0.1109375 0.1734375
0 0.2546875 0.10390625 0.078125 0.2078125
0 0.171875 0.09921875 0.128125 0.1984375
0 0.1765625 0.2734375 0.08125 0.10625
0 0.01953125 0.2671875 0.0390625 0.0625
0 0.5484375 0.15703125 0.08125 0.3140625
0 0.3515625 0.2453125 0.0390625 0.0609375
0 0.82109375 0.184375 0.3578125 0.36875
0 0.48828125 0.6921875 0.2015625 0.3875
0 0.65390625 0.58046875 0.1203125 0.2578125
0 0.78984375 0.59921875 0.16875 0.2609375
0 0.7203125 0.5703125 0.2625 0.403125