0 0.5484375 0.03828125 0.046875 0.0765625
0 0.88046875 0.0328125 0.0984375 0.065625
0 0.47265625 0.05234375 0.0671875 0.0734375
0 0.49921875 0.04296875 0.0578125 0.0859375
0 0.609375 0.02109375 0.040625 0.0421875
0 0.48125 0.028125 0.046875 0.05625
0 0.984375 0.03046875 0.03125 0.0609375
0 0.5609375 0.034375 0.0625 0.06875
0 0.93359375 0.05 0.0609375 0.078125
0 0.65078125 0.02109375 0.0390625 0.0421875
0 0.88984375 0.02109375 0.0421875 0.0421875
0 0.8578125 0.01953125 0.025 0.0390625
0 0.4203125 0.02265625 0.021875 0.0453125
0 0.946875 0.04296875 0.0625 0.0859375
0 0.4234375 0.025 0.028125 0.05
0 0.43828125 0.03515625 0.0578125 0.0703125
0 0.8640625 0.021875 0.034375 0.04375
0 0.43046875 0.0390625 0.0421875 0.078125
0 0.425 0.02109375 0.03125 0.0421875
0 0.85 0.06796875 0.065625 0.0421875
0 0.74375 0.02109375 0.028125 0.0421875
0 0.60234375 0.04453125 0.0546875 0.0890625
0 0.42421875 0.02578125 0.0296875 0.0515625
0 0.43671875 0.0296875 0.0453125 0.059375
0 0.7640625 0.0390625 0.028125 0.078125
0 0.9234375 0.04453125 0.0625 0.0890625
0 0.76875 0.0234375 0.025 0.046875
0 0.6109375 0.0265625 0.03125 0.053125
0 0.83671875 0.0203125 0.0234375 0.040625
0 0.44609375 0.0234375 0.0359375 0.046875
0 0.515625 0.04296875 0.0625 0.0859375
0 0.4203125 0.01875 0.021875 0.0375
0 0.41640625 0.02265625 0.0140625 0.0453125
0 0.41875 0.02265625 0.01875 0.0453125
0 0.859375 0.01640625 0.021875 0.0328125
0 0.68359375 0.01875 0.0234375 0.0375
0 0.6546875 0.02421875 0.028125 0.0484375
0 0.41484375 0.0125 0.0109375 0.025
0 0.42578125 0.04375 0.0328125 0.0875
0 0.425 0.025 0.03125 0.05
0 0.58046875 0.0359375 0.0390625 0.071875
0 0.68515625 0.0140625 0.0421875 0.028125
0 0.42109375 0.0171875 0.0234375 0.034375
0 0.43046875 0.0390625 0.0421875 0.078125
0 0.72421875 0.04453125 0.0484375 0.0890625
0 0.709375 0.01875 0.028125 0.0375
0 0.48203125 0.02890625 0.0359375 0.0578125
0 0.48125 0.01875 0.0375 0.0375
0 0.41953125 0.01875 0.0203125 0.0375
0 0.96015625 0.0203125 0.0390625 0.040625
0 0.65546875 0.0203125 0.0296875 0.040625
0 0.92578125 0.01796875 0.0328125 0.0359375
0 0.72265625 0.0203125 0.0296875 0.040625
0 0.96484375 0.0140625 0.0390625 0.028125
0 0.61953125 0.02734375 0.0359375 0.0546875
0 0.93828125 0.02265625 0.0359375 0.0453125
0 0.67421875 0.0203125 0.0328125 0.040625
0 0.6703125 0.053125 0.065625 0.071875
0 0.74296875 0.0125 0.0203125 0.025
0 0.846875 0.02421875 0.028125 0.0484375
0 0.98359375 0.021875 0.0328125 0.04375
0 0.425 0.02265625 0.03125 0.0453125
0 0.640625 0.02109375 0.025 0.0421875
0 0.87421875 0.03828125 0.0546875 0.0765625
0 0.2734375 0.55 0.1234375 0.36875
0 0.39296875 0.48515625 0.0328125 0.6328125
0 0.6421875 0.4828125 0.3484375 0.6546875
0 0.9109375 0.55390625 0.178125 0.8015625