0 0.34375 0.053125 0.13125 0.10625
0 0.01875 0.03515625 0.0375 0.0703125
0 0.16171875 0.05078125 0.1296875 0.1015625
0 0.0953125 0.046875 0.075 0.09375
0 0.02421875 0.14296875 0.0484375 0.2859375
0 0.02734375 0.13671875 0.0546875 0.2734375
0 0.01953125 0.09921875 0.0390625 0.1984375
0 0.03203125 0.0765625 0.0640625 0.153125
0 0.0203125 0.0265625 0.040625 0.053125
0 0.01953125 0.015625 0.0390625 0.03125
0 0.225 0.21015625 0.140625 0.4203125
0 0.34609375 0.134375 0.1265625 0.26875
0 0.009375 0.01484375 0.01875 0.0296875
0 0.87109375 0.17109375 0.228125 0.2484375
0 0.2046875 0.66796875 0.409375 0.3765625
0 0.08125 0.55234375 0.1625 0.1453125
0 0.7875 0.70625 0.425 0.453125