0 0.92421875 0.14140625 0.1234375 0.2203125
0 0.75234375 0.14375 0.1640625 0.2125
0 0.37109375 0.3140625 0.075 0.140625
0 0.5546875 0.15 0.1296875 0.203125
0 0.48828125 0.36875 0.075 0.1875
0 0.0484375 0.45078125 0.096875 0.4078125
0 0.12265625 0.46875 0.1109375 0.3484375
0 0.29375 0.4078125 0.078125 0.31875
0 0.2109375 0.38984375 0.128125 0.265625
0 0.215625 0.1828125 0.08125 0.10625
0 0.03984375 0.1890625 0.078125 0.0625
0 0.61796875 0.475 0.140625 0.6296875
0 0.76953125 0.40546875 0.1875 0.4640625
0 0.89609375 0.38359375 0.0484375 0.1515625
0 0.9375 0.33046875 0.0703125 0.1328125
0 0.390625 0.2109375 0.0390625 0.0609375