0 0.1046875 0.13046875 0.209375 0.2609375
0 0.67421875 0.3359375 0.0296875 0.165625
0 0.75234375 0.334375 0.0765625 0.16875
0 0.6671875 0.13359375 0.015625 0.1453125
0 0.71875 0.21015625 0.0484375 0.209375
0 0.67421875 0.2109375 0.0296875 0.1625
0 0.0453125 0.74140625 0.090625 0.3765625
0 0.11171875 0.7421875 0.2140625 0.515625
0 0.284375 0.7703125 0.16875 0.459375
0 0.37734375 0.78984375 0.1171875 0.4203125
0 0.5359375 0.7875 0.225 0.4140625
0 0.6375 0.90703125 0.04375 0.1359375
0 0.66953125 0.43828125 0.0203125 0.0390625
0 0.80078125 0.44296875 0.0390625 0.0484375
0 0.8953125 0.446875 0.046875 0.05625
0 0.66875 0.484375 0.01875 0.096875
0 0.66875 0.64609375 0.01875 0.1171875
0 0.6765625 0.44140625 0.034375 0.0453125
0 0.66640625 0.6203125 0.0140625 0.075
0 0.6703125 0.44765625 0.021875 0.0578125
0 0.675 0.628125 0.03125 0.203125
0 0.66875 0.46328125 0.01875 0.0890625
0 0.67109375 0.453125 0.0234375 0.06875
0 0.66640625 0.44375 0.0140625 0.05
0 0.6671875 0.7125 0.015625 0.0625
0 0.821875 0.43828125 0.028125 0.0390625
0 0.9375 0.434375 0.034375 0.03125
0 0.66640625 0.43671875 0.0140625 0.0359375
0 0.7203125 0.43515625 0.025 0.0328125
0 0.665625 0.4640625 0.0125 0.078125
0 0.66875 0.44609375 0.01875 0.0546875
0 0.67109375 0.4484375 0.0234375 0.059375
0 0.678125 0.61328125 0.0375 0.0796875
0 0.99296875 0.43046875 0.0140625 0.0234375
0 0.71328125 0.4625 0.03125 0.0765625
0 0.66640625 0.69921875 0.0140625 0.0859375
0 0.6671875 0.4375 0.015625 0.0375
0 0.94921875 0.4390625 0.0328125 0.040625
0 0.81953125 0.4375 0.0234375 0.0375
0 0.75859375 0.4359375 0.0234375 0.034375
0 0.87265625 0.61953125 0.025 0.06875
0 0.665625 0.7640625 0.0125 0.05625
0 0.853125 0.4390625 0.034375 0.040625
0 0.67265625 0.43828125 0.0265625 0.0390625
0 0.6703125 0.453125 0.021875 0.06875
0 0.66640625 0.43984375 0.0140625 0.0421875
0 0.66875 0.44296875 0.01875 0.0484375
0 0.9015625 0.4390625 0.028125 0.040625
0 0.73984375 0.43203125 0.0203125 0.0265625
0 0.85703125 0.4390625 0.0265625 0.040625
0 0.67109375 0.4453125 0.0234375 0.053125
0 0.825 0.5375 0.0203125 0.0625
0 0.66953125 0.60078125 0.0203125 0.0984375
0 0.715625 0.5609375 0.028125 0.0671875
0 0.66484375 0.434375 0.0109375 0.03125
0 0.83828125 0.60234375 0.0265625 0.0828125
0 0.76484375 0.43515625 0.0203125 0.0328125
0 0.665625 0.434375 0.0125 0.03125
0 0.665625 0.6171875 0.0125 0.065625
0 0.66640625 0.55 0.0140625 0.071875
0 0.95625 0.43984375 0.0375 0.0421875
0 0.66484375 0.43671875 0.0109375 0.0359375
0 0.665625 0.44140625 0.0125 0.0453125
0 0.66484375 0.43125 0.0109375 0.025
0 0.665625 0.571875 0.0125 0.084375
0 0.88671875 0.4328125 0.0234375 0.028125
0 0.675 0.43671875 0.03125 0.0359375
0 0.66640625 0.434375 0.0140625 0.03125
0 0.66875 0.48359375 0.01875 0.0828125
0 0.66484375 0.4328125 0.0109375 0.028125
0 0.803125 0.62578125 0.03125 0.0765625
0 0.66875 0.44140625 0.01875 0.0453125
0 0.840625 0.68125 0.0203125 0.059375
0 0.66796875 0.4390625 0.0171875 0.040625
0 0.93046875 0.5328125 0.028125 0.0671875
0 0.66484375 0.434375 0.0109375 0.03125
0 0.94921875 0.43828125 0.0328125 0.0390625
0 0.678125 0.55390625 0.0234375 0.05
0 0.846875 0.96875 0.04375 0.0625
0 0.93125 0.4328125 0.01875 0.028125
0 0.66640625 0.43515625 0.0140625 0.0328125
0 0.6703125 0.44375 0.021875 0.05
0 0.66796875 0.48828125 0.0171875 0.0953125
0 0.6671875 0.6859375 0.015625 0.109375
0 0.67265625 0.7171875 0.0265625 0.075
0 0.7203125 0.63984375 0.03125 0.0859375
0 0.67109375 0.6203125 0.0234375 0.140625
0 0.8953125 0.4359375 0.03125 0.034375
0 0.70078125 0.43359375 0.0234375 0.0296875
0 0.734375 0.42890625 0.01875 0.0203125
0 0.76640625 0.67109375 0.025 0.0609375
0 0.84609375 0.4375 0.0453125 0.0375
0 0.87109375 0.5390625 0.034375 0.0765625
0 0.665625 0.74140625 0.0125 0.0890625
0 0.6640625 0.43515625 0.009375 0.0328125
0 0.67421875 0.91875 0.0296875 0.1625
0 0.66484375 0.434375 0.0109375 0.03125
0 0.9265625 0.43125 0.021875 0.025
0 0.7625 0.4390625 0.03125 0.040625
0 0.66484375 0.46796875 0.0109375 0.0640625
0 0.665625 0.44296875 0.0125 0.0484375
0 0.75234375 0.60390625 0.028125 0.09375
0 0.665625 0.6859375 0.0125 0.078125
0 0.7796875 0.43515625 0.025 0.0328125
0 0.66796875 0.65546875 0.0171875 0.0984375
0 0.95234375 0.79765625 0.0234375 0.0734375
0 0.8515625 0.49140625 0.0234375 0.05625
0 0.665625 0.63828125 0.0125 0.0703125
0 0.67109375 0.75625 0.0234375 0.134375
0 0.796875 0.53984375 0.0234375 0.075
0 0.74453125 0.50390625 0.0234375 0.0609375
0 0.66875 0.75703125 0.01875 0.1078125
0 0.9875 0.428125 0.021875 0.01875
0 0.84609375 0.4359375 0.0359375 0.034375
0 0.66484375 0.43828125 0.0109375 0.0390625
0 0.66875 0.540625 0.01875 0.13125
0 0.70234375 0.43125 0.0203125 0.025
0 0.7265625 0.43203125 0.021875 0.0265625
0 0.73984375 0.43359375 0.0234375 0.0296875
0 0.80234375 0.43515625 0.0234375 0.0328125
0 0.665625 0.4359375 0.0125 0.034375
0 0.9859375 0.44453125 0.028125 0.0515625
0 0.90859375 0.6015625 0.0265625 0.0734375
0 0.85546875 0.43125 0.0234375 0.025
0 0.92109375 0.47890625 0.0234375 0.0484375
0 0.67109375 0.56640625 0.0234375 0.1265625
0 0.890625 0.8890625 0.053125 0.221875
0 0.66484375 0.74609375 0.0109375 0.0765625
0 0.6703125 0.45546875 0.021875 0.0734375
0 0.66640625 0.46171875 0.0140625 0.0828125
0 0.784375 0.48984375 0.025 0.05625
0 0.73125 0.43125 0.021875 0.025
0 0.934375 0.44453125 0.025 0.0515625
0 0.7328125 0.440625 0.03125 0.04375
0 0.85078125 0.453125 0.0359375 0.06875
0 0.66484375 0.43515625 0.0109375 0.0328125
0 0.88515625 0.4421875 0.0265625 0.046875
0 0.66640625 0.6671875 0.0140625 0.065625
0 0.74765625 0.43828125 0.0265625 0.0390625
0 0.671875 0.4421875 0.025 0.046875
0 0.915625 0.4265625 0.01875 0.015625
0 0.665625 0.4375 0.0125 0.0375
0 0.66796875 0.62109375 0.0171875 0.1140625
0 0.6640625 0.434375 0.009375 0.03125
0 0.66640625 0.4375 0.0140625 0.0375
0 0.73984375 0.42890625 0.0171875 0.0203125
0 0.66796875 0.4953125 0.0171875 0.103125
0 0.66796875 0.44140625 0.0171875 0.0453125
0 0.665625 0.4375 0.0125 0.0375
0 0.67734375 0.8953125 0.0359375 0.209375
0 0.99140625 0.86640625 0.0171875 0.2671875
0 0.74609375 0.94453125 0.0390625 0.1109375
0 0.84609375 0.8578125 0.03125 0.121875
0 0.69140625 0.88671875 0.0640625 0.2265625
0 0.67265625 0.90390625 0.0265625 0.1921875
0 0.66953125 0.89375 0.0203125 0.203125