0 0.225 0.24453125 0.45 0.4890625
0 0.9328125 0.0171875 0.028125 0.034375
0 0.46484375 0.09453125 0.0296875 0.1890625
0 0.6515625 0.0296875 0.059375 0.059375
0 0.9296875 0.01796875 0.034375 0.0359375
0 0.54375 0.02421875 0.0375 0.0484375
0 0.459375 0.08515625 0.01875 0.1015625
0 0.96328125 0.01875 0.0265625 0.0375
0 0.4609375 0.0375 0.021875 0.075
0 0.58671875 0.02890625 0.0359375 0.0578125
0 0.49296875 0.03359375 0.0359375 0.0671875
0 0.4625 0.1203125 0.025 0.153125
0 0.46015625 0.065625 0.0203125 0.13125
0 0.97109375 0.034375 0.0578125 0.06875
0 0.69921875 0.0109375 0.0296875 0.021875
0 0.6296875 0.2703125 0.0984375 0.2390625
0 0.45703125 0.01640625 0.0140625 0.0328125
0 0.70234375 0.01875 0.0359375 0.0375
0 0.98671875 0.015625 0.0265625 0.03125
0 0.70859375 0.0578125 0.0796875 0.115625
0 0.5609375 0.090625 0.0703125 0.178125
0 0.45859375 0.0140625 0.0171875 0.028125
0 0.86484375 0.09375 0.0703125 0.1875
0 0.78828125 0.06328125 0.0671875 0.1265625
0 0.465625 0.06640625 0.03125 0.1328125
0 0.98984375 0.07734375 0.0203125 0.1484375
0 0.95390625 0.2046875 0.0828125 0.1609375
0 0.96640625 0.0546875 0.0484375 0.109375
0 0.4609375 0.0234375 0.021875 0.046875
0 0.48828125 0.359375 0.0765625 0.259375
0 0.78671875 0.2828125 0.0625 0.196875
0 0.71015625 0.26171875 0.0734375 0.1796875
0 0.54765625 0.034375 0.0390625 0.06875
0 0.49375 0.0328125 0.03125 0.065625
0 0.65390625 0.025 0.0390625 0.05
0 0.225 0.796875 0.45 0.40625
0 0.6171875 0.71953125 0.334375 0.4609375