0 0.35859375 0.31484375 0.7015625 0.6296875
0 0.978125 0.1171875 0.04375 0.221875
0 0.81640625 0.2546875 0.0828125 0.2265625
0 0.8953125 0.14140625 0.0875 0.1296875
0 0.93359375 0.21328125 0.090625 0.1296875
0 0.73125 0.25234375 0.04375 0.2390625
0 0.7625 0.253125 0.05625 0.23125
0 0.89921875 0.17890625 0.103125 0.1484375
0 0.7296875 0.0640625 0.040625 0.128125
0 0.73515625 0.21171875 0.0515625 0.3046875
0 0.36640625 0.81484375 0.3421875 0.3703125
0 0.7328125 0.67421875 0.046875 0.0890625
0 0.734375 0.69375 0.05 0.128125
0 0.72734375 0.809375 0.0359375 0.19375
0 0.73125 0.7015625 0.04375 0.14375
0 0.7296875 0.75 0.040625 0.1375
0 0.9078125 0.69765625 0.078125 0.1359375
0 0.72890625 0.6625 0.0390625 0.065625
0 0.72265625 0.6765625 0.0265625 0.09375
0 0.721875 0.6546875 0.025 0.05
0 0.72109375 0.66015625 0.0234375 0.0609375
0 0.8109375 0.6796875 0.09375 0.1
0 0.72578125 0.66328125 0.0328125 0.0671875
0 0.78203125 0.81484375 0.1421875 0.3703125
0 0.74296875 0.8265625 0.0671875 0.346875
0 0.8984375 0.70859375 0.134375 0.1578125
0 0.97578125 0.70078125 0.0484375 0.1421875
0 0.76171875 0.67421875 0.0671875 0.0890625