0 0.1296875 0.2796875 0.259375 0.559375
0 0.50078125 0.14453125 0.1765625 0.2890625
0 0.5078125 0.58515625 0.040625 0.0515625
0 0.2703125 0.60390625 0.021875 0.0890625
0 0.58125 0.5734375 0.015625 0.028125
0 0.334375 0.571875 0.01875 0.025
0 0.33515625 0.56640625 0.0109375 0.0140625
0 0.409375 0.57109375 0.015625 0.0234375
0 0.92109375 0.57421875 0.0140625 0.0296875
0 0.89140625 0.575 0.0171875 0.03125
0 0.60859375 0.575 0.0140625 0.03125
0 0.67734375 0.56875 0.0140625 0.01875
0 0.6796875 0.56875 0.0125 0.01875
0 0.6265625 0.57578125 0.0125 0.0328125
0 0.68125 0.575 0.01875 0.03125
0 0.68984375 0.56875 0.0109375 0.01875
0 0.63046875 0.56953125 0.0109375 0.0203125
0 0.60625 0.5671875 0.009375 0.015625
0 0.61015625 0.5671875 0.0078125 0.015625
0 0.6265625 0.5796875 0.01875 0.040625
0 0.64296875 0.56796875 0.0140625 0.0171875
0 0.88828125 0.58203125 0.0109375 0.0453125
0 0.809375 0.5828125 0.015625 0.046875
0 0.834375 0.575 0.015625 0.03125