0 0.4328125 0.18125 0.2125 0.3625
0 0.36640625 0.075 0.0828125 0.15
0 0.2703125 0.06875 0.109375 0.1375
0 0.1359375 0.18359375 0.171875 0.3671875
0 0.03203125 0.2125 0.0640625 0.425
0 0.76953125 0.2015625 0.4609375 0.403125
0 0.134375 0.61484375 0.146875 0.1109375
0 0.06875 0.61640625 0.1375 0.1140625
0 0.0671875 0.875 0.134375 0.25
0 0.26875 0.65078125 0.121875 0.1828125
0 0.41640625 0.6578125 0.1390625 0.196875
0 0.15625 0.940625 0.18125 0.11875
0 0.340625 0.8625 0.31875 0.275
0 0.47109375 0.6109375 0.1234375 0.103125
0 0.2828125 0.62265625 0.140625 0.1265625
0 0.39765625 0.60703125 0.1109375 0.0953125
0 0.496875 0.60625 0.084375 0.09375
0 0.04765625 0.70625 0.0953125 0.175
0 0.02265625 0.6484375 0.0453125 0.178125
0 0.1515625 0.71796875 0.1953125 0.2109375
0 0.603125 0.66640625 0.128125 0.2140625