0 0.56015625 0.06640625 0.0984375 0.1328125
0 0.29140625 0.20703125 0.1453125 0.4140625
0 0.0984375 0.2453125 0.134375 0.490625
0 0.02890625 0.21328125 0.0578125 0.4265625
0 0.04921875 0.2546875 0.0984375 0.509375
0 0.9109375 0.4765625 0.084375 0.065625
0 0.871875 0.4359375 0.0421875 0.0609375
0 0.01953125 0.88203125 0.0390625 0.2359375
0 0.37578125 0.89296875 0.0828125 0.2109375
0 0.12890625 0.8078125 0.1609375 0.384375
0 0.2328125 0.871875 0.04375 0.175
0 0.446875 0.86171875 0.0421875 0.1671875
0 0.48984375 0.834375 0.0328125 0.11875
0 0.3203125 0.8890625 0.040625 0.1984375
0 0.01171875 0.8859375 0.0234375 0.203125
0 0.65546875 0.7546875 0.0921875 0.490625
0 0.696875 0.7546875 0.175 0.490625
0 0.92109375 0.79609375 0.1578125 0.4078125
0 0.85859375 0.93828125 0.1453125 0.1234375
0 0.66796875 0.821875 0.1171875 0.35625
0 0.76796875 0.925 0.1046875 0.15