0 0.51953125 0.19296875 0.0390625 0.2671875
0 0.28046875 0.23984375 0.1453125 0.4796875
0 0.0875 0.23984375 0.134375 0.4796875
0 0.025 0.26953125 0.05 0.4203125
0 0.04921875 0.24453125 0.0984375 0.4703125
0 0.89375 0.33125 0.2125 0.296875
0 0.38828125 0.8921875 0.0671875 0.215625
0 0.6265625 0.7546875 0.175 0.490625
0 0.54765625 0.57421875 0.0171875 0.0578125
0 0.56171875 0.609375 0.0453125 0.171875
0 0.54921875 0.5484375 0.0203125 0.065625
0 0.68515625 0.54453125 0.0609375 0.075
0 0.7671875 0.52734375 0.0125 0.01875