0 0.29765625 0.2375 0.3140625 0.4515625
0 0.27421875 0.0640625 0.2859375 0.128125
0 0.525 0.15703125 0.203125 0.2703125
0 0.54765625 0.07578125 0.1828125 0.1515625
0 0.5359375 0.45234375 0.15625 0.0953125
0 0.91796875 0.446875 0.1265625 0.10625
0 0.95078125 0.3390625 0.0984375 0.096875
0 0.671875 0.41796875 0.065625 0.1640625
0 0.784375 0.4734375 0.11875 0.053125
0 0.79921875 0.3 0.0796875 0.0625
0 0.74453125 0.34140625 0.09375 0.1125
0 0.86796875 0.39921875 0.05 0.1046875
0 0.6625 0.4359375 0.046875 0.128125
0 0.6890625 0.434375 0.1 0.13125
0 0.671875 0.32421875 0.065625 0.0953125
0 0.66171875 0.303125 0.0453125 0.0625
0 0.88984375 0.2390625 0.06875 0.0640625
0 0.9109375 0.16640625 0.053125 0.05
0 0.184375 0.8671875 0.36875 0.265625
0 0.60859375 0.85234375 0.0609375 0.1828125
0 0.44140625 0.85546875 0.071875 0.1578125
0 0.0109375 0.83359375 0.021875 0.1234375
0 0.52265625 0.84140625 0.0984375 0.1546875
0 0.81953125 0.875 0.3609375 0.25