0 0.18828125 0.1125 0.3140625 0.225
0 0.21171875 0.31328125 0.2859375 0.25625
0 0.05078125 0.09453125 0.1015625 0.1890625
0 0.05 0.4296875 0.1 0.278125
0 0.0390625 0.0359375 0.078125 0.071875
0 0.559375 0.15 0.140625 0.3
0 0.765625 0.15 0.184375 0.3
0 0.77109375 0.5046875 0.2390625 0.128125
0 0.9453125 0.17265625 0.109375 0.3453125
0 0.5234375 0.159375 0.06875 0.31875
0 0.56875 0.5140625 0.115625 0.109375
0 0.51015625 0.15859375 0.0421875 0.3171875
0 0.06640625 0.8078125 0.1328125 0.384375
0 0.44140625 0.79296875 0.0953125 0.4140625
0 0.1828125 0.9265625 0.10625 0.146875
0 0.3125 0.93515625 0.128125 0.1296875
0 0.01953125 0.94453125 0.0390625 0.1109375
0 0.025 0.934375 0.05 0.13125
0 0.09453125 0.9171875 0.08125 0.1609375
0 0.409375 0.93046875 0.08125 0.1390625
0 0.57890625 0.784375 0.1796875 0.43125
0 0.915625 0.61328125 0.090625 0.0890625