0 0.2171875 0.26796875 0.0375 0.0828125
0 0.5859375 0.02578125 0.03125 0.0515625
0 0.01015625 0.0375 0.0203125 0.075
0 0.465625 0.02421875 0.03125 0.0484375
0 0.11015625 0.2703125 0.0671875 0.078125
0 0.5953125 0.03828125 0.0375 0.0765625
0 0.29296875 0.02890625 0.0359375 0.0578125
0 0.0296875 0.0296875 0.040625 0.059375
0 0.47890625 0.034375 0.0359375 0.06875
0 0.03125 0.03359375 0.03125 0.0671875
0 0.26796875 0.0234375 0.0296875 0.046875
0 0.29765625 0.021875 0.0265625 0.04375
0 0.31875 0.27890625 0.04375 0.0609375
0 0.0234375 0.03828125 0.046875 0.0765625
0 0.00546875 0.02109375 0.0109375 0.0421875
0 0.53203125 0.025 0.0265625 0.05
0 0.00703125 0.028125 0.0140625 0.05625
0 0.31171875 0.0140625 0.0203125 0.028125
0 0.39140625 0.0359375 0.0328125 0.071875
0 0.2578125 0.01484375 0.03125 0.0296875
0 0.22421875 0.02578125 0.0234375 0.0515625
0 0.340625 0.040625 0.040625 0.08125
0 0.42265625 0.03203125 0.0390625 0.0640625
0 0.01171875 0.0453125 0.0234375 0.090625
0 0.08203125 0.03671875 0.0328125 0.0734375
0 0.5546875 0.0359375 0.04375 0.071875
0 0.26875 0.0359375 0.034375 0.071875
0 0.00546875 0.02734375 0.0109375 0.0546875
0 0.259375 0.0296875 0.03125 0.059375
0 0.18046875 0.034375 0.0515625 0.06875
0 0.42578125 0.03671875 0.0359375 0.0734375
0 0.09609375 0.02265625 0.0296875 0.0453125
0 0.28828125 0.0328125 0.0359375 0.065625
0 0.0984375 0.0359375 0.034375 0.071875
0 0.26015625 0.02578125 0.0265625 0.0515625
0 0.47109375 0.0328125 0.0421875 0.065625
0 0.51328125 0.0390625 0.0328125 0.078125
0 0.57578125 0.1546875 0.1078125 0.309375
0 0.45859375 0.18046875 0.0578125 0.2578125
0 0.25390625 0.21015625 0.0515625 0.1984375
0 0.17109375 0.02890625 0.0359375 0.0578125
0 0.10703125 0.04921875 0.0609375 0.0984375
0 0.18125 0.22734375 0.03125 0.1640625
0 0.1078125 0.15390625 0.040625 0.165625
0 0.33359375 0.06875 0.0671875 0.1375
0 0.38125 0.1 0.053125 0.2
0 0.4265625 0.07890625 0.0375 0.1578125
0 0.4921875 0.05859375 0.053125 0.1171875
0 0.434375 0.06171875 0.05625 0.1234375
0 0.34765625 0.034375 0.0328125 0.06875
0 0.38125 0.0515625 0.046875 0.103125
0 0.31640625 0.053125 0.0359375 0.10625
0 0.3703125 0.02265625 0.025 0.0453125
0 0.39375 0.0328125 0.028125 0.065625
0 0.1125 0.046875 0.04375 0.09375
0 0.1546875 0.046875 0.034375 0.09375
0 0.184375 0.03515625 0.028125 0.0703125
0 0.06015625 0.03359375 0.0359375 0.0671875
0 0.02421875 0.03828125 0.0265625 0.0765625
0 0.03125 0.0234375 0.021875 0.046875
0 0.00546875 0.02734375 0.0109375 0.0546875
0 0.7125 0.19140625 0.165625 0.2359375
0 0.0421875 0.72265625 0.084375 0.5546875
0 0.1890625 0.73203125 0.178125 0.5359375
0 0.02109375 0.703125 0.0421875 0.59375
0 0.0296875 0.6546875 0.059375 0.690625
0 0.02265625 0.5578125 0.0453125 0.34375
0 0.0703125 0.63828125 0.0828125 0.3078125
0 0.134375 0.6359375 0.0640625 0.34375
0 0.4625 0.81640625 0.171875 0.3671875
0 0.9625 0.5421875 0.075 0.175