0 0.2578125 0.77890625 0.0390625 0.1296875
0 0.6875 0.0625 0.0375 0.125
0 0.31796875 0.5046875 0.03125 0.103125
0 0.91640625 0.67109375 0.0421875 0.1515625
0 0.43828125 0.73828125 0.03125 0.096875
0 0.79453125 0.06015625 0.0671875 0.1203125
0 0.20625 0.54375 0.034375 0.1265625
0 0.15546875 0.559375 0.053125 0.1921875
0 0.30859375 0.690625 0.0375 0.153125
0 0.61171875 0.85859375 0.0359375 0.1171875
0 0.875 0.509375 0.040625 0.11875
0 0.425 0.63359375 0.0359375 0.1375
0 0.08671875 0.7828125 0.03125 0.125
0 0.8734375 0.6578125 0.03125 0.134375
0 0.6359375 0.478125 0.028125 0.0953125
0 0.60703125 0.95625 0.0265625 0.0875
0 0.58515625 0.0515625 0.04375 0.103125
0 0.88203125 0.37578125 0.0484375 0.153125
0 0.01796875 0.40390625 0.0359375 0.1796875
0 0.93984375 0.7375 0.0234375 0.0828125
0 0.371875 0.76328125 0.0265625 0.1
0 0.91953125 0.546875 0.028125 0.1125
0 0.59296875 0.47578125 0.0203125 0.0578125
0 0.51328125 0.87734375 0.0328125 0.14375
0 0.12578125 0.8859375 0.0203125 0.065625
0 0.06796875 0.68828125 0.01875 0.04375
0 0.64609375 0.9703125 0.03125 0.059375
0 0.6796875 0.8546875 0.0234375 0.1046875
0 0.0625 0.96796875 0.0265625 0.0609375
0 0.07734375 0.92890625 0.021875 0.0625
0 0.08203125 0.590625 0.059375 0.1546875
0 0.5640625 0.8375 0.040625 0.1640625
0 0.48203125 0.69921875 0.0390625 0.1296875
0 0.9671875 0.471875 0.046875 0.1828125
0 0.821875 0.68515625 0.034375 0.1484375
0 0.34921875 0.65234375 0.04375 0.14375
0 0.63515625 0.5609375 0.034375 0.14375
0 0.96640625 0.6125 0.0234375 0.109375
0 0.64453125 0.7046875 0.03125 0.11875
0 0.07890625 0.459375 0.0359375 0.125
0 0.7234375 0.93046875 0.0515625 0.1390625
0 0.47890625 0.86640625 0.0359375 0.1453125
0 0.80859375 0.95 0.0296875 0.0921875
0 0.109375 0.3421875 0.0359375 0.140625
0 0.615625 0.73359375 0.0359375 0.13125
0 0.80546875 0.84140625 0.034375 0.14375
0 0.64453125 0.84375 0.0265625 0.1046875
0 0.43359375 0.93359375 0.0421875 0.13125
0 0.14140625 0.02890625 0.05625 0.0578125
0 0.390625 0.69375 0.0328125 0.15625
0 0.16640625 0.753125 0.025 0.1171875
0 0.275 0.23828125 0.215625 0.4765625
0 0.44609375 0.15 0.0578125 0.3
0 0.65078125 0.1203125 0.0515625 0.240625
0 0.7328125 0.52109375 0.0359375 0.115625
0 0.796875 0.36171875 0.0609375 0.196875
0 0.7234375 0.103125 0.03125 0.20625
0 0.796875 0.19765625 0.040625 0.165625
0 0.57109375 0.34765625 0.0671875 0.26875
0 0.52265625 0.33046875 0.053125 0.359375
0 0.478125 0.2890625 0.0375 0.190625
0 0.4125 0.44921875 0.053125 0.234375
0 0.4703125 0.51484375 0.05625 0.2484375
0 0.55703125 0.55546875 0.0328125 0.1375
0 0.52265625 0.61015625 0.046875 0.2078125
0 0.58828125 0.5984375 0.0359375 0.2109375
0 0.534375 0.76484375 0.0234375 0.090625
0 0.51015625 0.790625 0.028125 0.1328125
0 0.02265625 0.65 0.0453125 0.1875
0 0.0296875 0.7421875 0.0328125 0.1015625
0 0.01796875 0.86953125 0.0328125 0.103125
0 0.12890625 0.7921875 0.0484375 0.13125
0 0.79140625 0.62734375 0.04375 0.1875
0 0.75 0.63671875 0.034375 0.1890625
0 0.7203125 0.62734375 0.028125 0.140625
0 0.84453125 0.778125 0.0359375 0.1359375
0 0.88046875 0.8 0.0265625 0.153125
0 0.8734375 0.8890625 0.021875 0.09375
0 0.9125 0.828125 0.0234375 0.1109375