0 0.7421875 0.22109375 0.0390625 0.1296875
0 0.3125 0.9375 0.0375 0.125
0 0.68203125 0.4953125 0.03125 0.103125
0 0.08359375 0.32890625 0.0421875 0.1515625
0 0.56171875 0.26171875 0.03125 0.096875
0 0.20546875 0.93984375 0.0671875 0.1203125
0 0.79375 0.45625 0.034375 0.1265625
0 0.84453125 0.440625 0.053125 0.1921875
0 0.69140625 0.309375 0.0375 0.153125
0 0.38828125 0.14140625 0.0359375 0.115625
0 0.125 0.490625 0.040625 0.11875
0 0.575 0.36640625 0.0359375 0.1390625
0 0.91328125 0.2171875 0.03125 0.125
0 0.1265625 0.3421875 0.03125 0.134375
0 0.3640625 0.521875 0.0296875 0.0953125
0 0.39296875 0.04375 0.0265625 0.0875
0 0.41484375 0.9484375 0.04375 0.103125
0 0.11796875 0.62421875 0.0484375 0.153125
0 0.98203125 0.59609375 0.0359375 0.1796875
0 0.06015625 0.2625 0.0234375 0.084375
0 0.628125 0.23671875 0.0265625 0.1
0 0.08046875 0.453125 0.028125 0.1125
0 0.40703125 0.52421875 0.0203125 0.0578125
0 0.48671875 0.12265625 0.0328125 0.14375
0 0.87421875 0.1140625 0.0203125 0.065625
0 0.93203125 0.31171875 0.01875 0.04375
0 0.35390625 0.0296875 0.03125 0.059375
0 0.3203125 0.1453125 0.0234375 0.1046875
0 0.9375 0.03203125 0.0265625 0.0609375
0 0.92265625 0.07109375 0.021875 0.0625
0 0.91796875 0.409375 0.059375 0.1546875
0 0.4359375 0.1625 0.040625 0.1640625
0 0.51796875 0.30078125 0.0390625 0.1296875
0 0.0328125 0.528125 0.046875 0.1828125
0 0.178125 0.31484375 0.0328125 0.1484375
0 0.65078125 0.34765625 0.04375 0.14375
0 0.36484375 0.4390625 0.034375 0.14375
0 0.03359375 0.3875 0.0234375 0.109375
0 0.35546875 0.2953125 0.03125 0.11875
0 0.92109375 0.540625 0.0359375 0.125
0 0.2765625 0.06953125 0.0515625 0.1390625
0 0.52109375 0.13359375 0.0359375 0.146875
0 0.19140625 0.05 0.0296875 0.0921875
0 0.890625 0.6578125 0.0359375 0.140625
0 0.384375 0.26640625 0.0359375 0.13125
0 0.19453125 0.15859375 0.034375 0.14375
0 0.35546875 0.15625 0.0265625 0.1046875
0 0.56640625 0.06640625 0.0421875 0.13125
0 0.85859375 0.97109375 0.05625 0.0578125
0 0.609375 0.30625 0.0328125 0.15625
0 0.83359375 0.246875 0.025 0.1171875
0 0.725 0.76171875 0.215625 0.4765625
0 0.55390625 0.85 0.0578125 0.3
0 0.34921875 0.8796875 0.0515625 0.240625
0 0.2671875 0.47890625 0.0359375 0.115625
0 0.203125 0.63828125 0.0609375 0.196875
0 0.2765625 0.896875 0.03125 0.20625
0 0.203125 0.80234375 0.040625 0.165625
0 0.42890625 0.65234375 0.0671875 0.26875
0 0.47734375 0.66953125 0.053125 0.359375
0 0.521875 0.7109375 0.0375 0.190625
0 0.5875 0.55078125 0.053125 0.234375
0 0.5296875 0.48515625 0.05625 0.2484375
0 0.44296875 0.44453125 0.0328125 0.1375
0 0.47734375 0.38984375 0.046875 0.2078125
0 0.41171875 0.4015625 0.0359375 0.2125
0 0.465625 0.23515625 0.025 0.090625
0 0.48984375 0.209375 0.028125 0.1328125
0 0.97734375 0.35 0.0453125 0.1875
0 0.9703125 0.2578125 0.034375 0.1015625
0 0.98203125 0.13046875 0.034375 0.103125
0 0.87109375 0.2078125 0.0484375 0.13125
0 0.20859375 0.37265625 0.04375 0.1875
0 0.25 0.36328125 0.034375 0.1890625
0 0.2796875 0.37265625 0.028125 0.140625
0 0.15546875 0.221875 0.0359375 0.1359375
0 0.11953125 0.2 0.0265625 0.153125
0 0.1265625 0.1109375 0.021875 0.09375
0 0.0875 0.171875 0.0234375 0.1109375