0 0.25234375 0.4734375 0.0390625 0.03125
0 0.31328125 0.2484375 0.03125 0.103125
0 0.2015625 0.2875 0.034375 0.1265625
0 0.15078125 0.303125 0.053125 0.1921875
0 0.303125 0.4234375 0.0375 0.13125
0 0.41015625 0.3765625 0.0171875 0.1375
0 0.08125 0.4765625 0.03125 0.025
0 0.015625 0.14765625 0.03125 0.1796875
0 0.36640625 0.47265625 0.0265625 0.0328125
0 0.06328125 0.43203125 0.01875 0.04375
0 0.07734375 0.334375 0.059375 0.1546875
0 0.34453125 0.39609375 0.04375 0.14375
0 0.07421875 0.203125 0.0359375 0.125
0 0.1046875 0.0859375 0.0359375 0.140625
0 0.1359375 0.0140625 0.05625 0.028125
0 0.38515625 0.42421875 0.0328125 0.1296875
0 0.1609375 0.46328125 0.025 0.0515625
0 0.2703125 0.11875 0.215625 0.2375
0 0.4 0.1921875 0.0375 0.234375
0 0.0203125 0.39375 0.040625 0.1875
0 0.02421875 0.46171875 0.0328125 0.0546875
0 0.89765625 0.3375 0.2046875 0.303125
0 0.3875 0.93046875 0.0625 0.1390625
0 0.63671875 0.5171875 0.0703125 0.05625
0 0.5921875 0.56640625 0.05625 0.1546875
0 0.64140625 0.77890625 0.0828125 0.346875
0 0.775 0.78984375 0.246875 0.4203125
0 0.4296875 0.71015625 0.021875 0.1109375
0 0.4859375 0.68828125 0.025 0.1421875
0 0.5109375 0.73046875 0.0453125 0.1765625
0 0.99140625 0.82734375 0.0171875 0.2296875
0 0.9734375 0.59765625 0.040625 0.2171875