0 0.37890625 0.03203125 0.0390625 0.0640625
0 0.31953125 0.1796875 0.03125 0.103125
0 0.01015625 0.04453125 0.0203125 0.0890625
0 0.1984375 0.02421875 0.03125 0.0484375
0 0.43125 0.140625 0.034375 0.1265625
0 0.48203125 0.125 0.053125 0.1921875
0 0.328125 0.03828125 0.0375 0.0765625
0 0.02578125 0.02890625 0.0359375 0.0578125
0 0.01015625 0.175 0.0203125 0.11875
0 0.21171875 0.06015625 0.0359375 0.1203125
0 0.55 0.03125 0.03125 0.0625
0 0.0078125 0.046875 0.015625 0.09375
0 0.0078125 0.20546875 0.015625 0.0953125
0 0.03046875 0.021875 0.0265625 0.04375
0 0.01171875 0.3078125 0.0234375 0.153125
0 0.60546875 0.28046875 0.0078125 0.1796875
0 0.00546875 0.02109375 0.0109375 0.0421875
0 0.26484375 0.025 0.0265625 0.05
0 0.00703125 0.1375 0.0140625 0.1125
0 0.04453125 0.20859375 0.0203125 0.0578125
0 0.12421875 0.0359375 0.0328125 0.071875
0 0.51171875 0.01640625 0.0203125 0.0328125
0 0.56875 0.0109375 0.01875 0.021875
0 0.0078125 0.01484375 0.015625 0.0296875
0 0.00546875 0.02578125 0.0109375 0.0515625
0 0.57421875 0.01484375 0.0265625 0.0296875
0 0.559375 0.015625 0.021875 0.03125
0 0.55546875 0.09375 0.059375 0.1546875
0 0.0734375 0.040625 0.040625 0.08125
0 0.15546875 0.03203125 0.0390625 0.0640625
0 0.01171875 0.21171875 0.0234375 0.1828125
0 0.0078125 0.03671875 0.015625 0.0734375
0 0.2875 0.0515625 0.04375 0.103125
0 0.009375 0.1234375 0.01875 0.14375
0 0.00546875 0.071875 0.0109375 0.109375
0 0.0078125 0.0296875 0.015625 0.059375
0 0.55859375 0.225 0.0359375 0.125
0 0.0125 0.034375 0.025 0.06875
0 0.15859375 0.03671875 0.0359375 0.0734375
0 0.00703125 0.02265625 0.0140625 0.0453125
0 0.528125 0.3421875 0.0359375 0.140625
0 0.02109375 0.0328125 0.0359375 0.065625
0 0.00859375 0.0359375 0.0171875 0.071875
0 0.00625 0.02578125 0.0125 0.0515625
0 0.20390625 0.0328125 0.0421875 0.065625
0 0.24609375 0.0390625 0.0328125 0.078125
0 0.4703125 0.02890625 0.025 0.0578125
0 0.3625 0.3234375 0.215625 0.23125
0 0.00859375 0.1625 0.0171875 0.115625
0 0.01484375 0.321875 0.0296875 0.196875
0 0.06640625 0.3203125 0.0671875 0.2375
0 0.1140625 0.30625 0.053125 0.265625
0 0.159375 0.36953125 0.0375 0.1390625
0 0.225 0.23515625 0.053125 0.234375
0 0.1671875 0.16953125 0.05625 0.2484375
0 0.08046875 0.12890625 0.0328125 0.1375
0 0.1140625 0.0890625 0.046875 0.178125
0 0.04921875 0.09609375 0.0359375 0.1921875
0 0.103125 0.02265625 0.025 0.0453125
0 0.1265625 0.0328125 0.028125 0.065625
0 0.60078125 0.0640625 0.0171875 0.128125
0 0.6 0.025 0.01875 0.05
0 0.50859375 0.0328125 0.0484375 0.065625
0 0.0109375 0.075 0.021875 0.15
0 0.00859375 0.07109375 0.0171875 0.1421875
0 0.00703125 0.06328125 0.0140625 0.1265625
0 0.00859375 0.03359375 0.0171875 0.0671875
0 0.00625 0.03828125 0.0125 0.0765625
0 0.00546875 0.0234375 0.0109375 0.046875
0 0.00546875 0.02734375 0.0109375 0.0546875
0 0.678125 0.2 0.1375 0.3125
0 0.596875 0.93046875 0.025 0.0921875
0 0.909375 0.90703125 0.18125 0.1859375