0 0.15703125 0.6078125 0.0390625 0.0625
0 0.21796875 0.3671875 0.03125 0.103125
0 0.3375 0.5953125 0.03125 0.0875
0 0.10625 0.40625 0.034375 0.1265625
0 0.05546875 0.421875 0.053125 0.1921875
0 0.20859375 0.553125 0.0375 0.153125
0 0.325 0.49609375 0.0359375 0.1375
0 0.0078125 0.6109375 0.015625 0.05625
0 0.00859375 0.26640625 0.0171875 0.1796875
0 0.27109375 0.60703125 0.0265625 0.0640625
0 0.0046875 0.55 0.009375 0.04375
0 0.01484375 0.45234375 0.0296875 0.1546875
0 0.38203125 0.56171875 0.0390625 0.1296875
0 0.24921875 0.51484375 0.04375 0.14375
0 0.00859375 0.321875 0.0171875 0.125
0 0.01328125 0.2046875 0.0265625 0.140625
0 0.040625 0.0140625 0.05625 0.028125
0 0.290625 0.55625 0.0328125 0.15625
0 0.065625 0.59765625 0.025 0.0828125
0 0.175 0.16953125 0.215625 0.3390625
0 0.34609375 0.08125 0.0578125 0.1625
0 0.453125 0.209375 0.03125 0.26875
0 0.42265625 0.19296875 0.053125 0.359375
0 0.378125 0.1515625 0.0375 0.190625
0 0.3125 0.31171875 0.053125 0.234375
0 0.3703125 0.37734375 0.05625 0.2484375
0 0.4546875 0.4171875 0.028125 0.1375
0 0.42265625 0.47265625 0.046875 0.2078125
0 0.43359375 0.61015625 0.0234375 0.0578125
0 0.409375 0.6125 0.028125 0.053125
0 0.0109375 0.5125 0.021875 0.1875
0 0.0078125 0.59609375 0.015625 0.0859375
0 0.02890625 0.6140625 0.0484375 0.05
0 0.94609375 0.22265625 0.1078125 0.1671875
0 0.234375 0.81953125 0.46875 0.3609375
0 0.6390625 0.8296875 0.1953125 0.2015625