0 0.01640625 0.18359375 0.0328125 0.1453125
0 0.01796875 0.37578125 0.0359375 0.1265625
0 0.015625 0.0421875 0.03125 0.084375
0 0.01171875 0.05078125 0.0234375 0.1015625
0 0.01328125 0.25703125 0.0265625 0.1203125
0 0.44296875 0.196875 0.0640625 0.1640625
0 0.00703125 0.02109375 0.0140625 0.0421875
0 0.46328125 0.0625 0.0671875 0.125
0 0.01484375 0.065625 0.0296875 0.13125
0 0.3828125 0.3 0.0375 0.125
0 0.2546875 0.08046875 0.05 0.15
0 0.034375 0.371875 0.0390625 0.103125
0 0.2234375 0.03046875 0.040625 0.0609375
0 0.0140625 0.284375 0.028125 0.134375
0 0.2671875 0.0484375 0.0625 0.096875
0 0.2546875 0.02890625 0.040625 0.0578125
0 0.05 0.03671875 0.05625 0.0734375
0 0.0171875 0.07578125 0.034375 0.1515625
0 0.26171875 0.025 0.0359375 0.05
0 0.2953125 0.075 0.0296875 0.0875
0 0.009375 0.3921875 0.01875 0.09375
0 0.209375 0.04609375 0.059375 0.0921875
0 0.175 0.03828125 0.05625 0.0765625
0 0.17109375 0.040625 0.0578125 0.08125
0 0.01015625 0.38046875 0.0203125 0.1171875
0 0.01484375 0.06953125 0.0296875 0.1390625
0 0.015625 0.3453125 0.03125 0.1875
0 0.11796875 0.0265625 0.0421875 0.053125
0 0.4625 0.0921875 0.0359375 0.0953125
0 0.078125 0.02109375 0.028125 0.0421875
0 0.01484375 0.0359375 0.0296875 0.071875
0 0.01484375 0.303125 0.0296875 0.121875
0 0.103125 0.028125 0.040625 0.05625
0 0.3515625 0.12109375 0.05625 0.153125
0 0.3765625 0.07109375 0.065625 0.1421875
0 0.3046875 0.409375 0.053125 0.059375
0 0.34453125 0.36328125 0.0421875 0.1515625
0 0.45234375 0.35546875 0.0765625 0.1671875
0 0.5078125 0.16875 0.040625 0.2453125
0 0.39453125 0.1046875 0.0265625 0.1859375
0 0.3671875 0.02421875 0.034375 0.0484375
0 0.32578125 0.06484375 0.0484375 0.1296875
0 0.30546875 0.21015625 0.0421875 0.15625
0 0.234375 0.37265625 0.05 0.1328125
0 0.16875 0.4109375 0.028125 0.05625
0 0.165625 0.31640625 0.0625 0.153125
0 0.1984375 0.1875 0.059375 0.2234375
0 0.25859375 0.24921875 0.05 0.16875
0 0.13828125 0.11796875 0.0375 0.18125
0 0.08359375 0.38828125 0.0609375 0.1015625
0 0.04921875 0.2046875 0.0609375 0.16875
0 0.103125 0.20625 0.04375 0.1828125
0 0.0125 0.1828125 0.025 0.16875
0 0.0125 0.04921875 0.025 0.0984375
0 0.009375 0.05390625 0.01875 0.1078125
0 0.00859375 0.16015625 0.0171875 0.1109375
0 0.01328125 0.04375 0.0265625 0.0875
0 0.0109375 0.053125 0.021875 0.10625
0 0.01640625 0.0296875 0.0328125 0.059375
0 0.0125 0.0359375 0.025 0.071875
0 0.15078125 0.03203125 0.0421875 0.0640625
0 0.04296875 0.05859375 0.0515625 0.1140625
0 0.009375 0.20390625 0.01875 0.0921875
0 0.059375 0.03203125 0.034375 0.0640625
0 0.3125 0.03984375 0.059375 0.0796875
0 0.53828125 0.03203125 0.0234375 0.0640625
0 0.51875 0.0453125 0.0625 0.090625
0 0.01875 0.040625 0.0375 0.08125
0 0.775 0.21953125 0.45 0.4390625
0 0.63125 0.07265625 0.1625 0.1453125
0 0.39375 0.7125 0.296875 0.3734375
0 0.45703125 0.5796875 0.0859375 0.084375
0 0.56328125 0.6578125 0.0265625 0.2125
0 0.56015625 0.68359375 0.0203125 0.1796875
0 0.56171875 0.8515625 0.0234375 0.159375
0 0.559375 0.78828125 0.01875 0.3015625
0 0.55859375 0.7921875 0.0171875 0.153125
0 0.61484375 0.76171875 0.0546875 0.175
0 0.6109375 0.8625 0.025 0.0859375
0 0.56640625 0.86171875 0.0328125 0.2203125
0 0.5609375 0.915625 0.021875 0.1625
0 0.5578125 0.9671875 0.015625 0.065625
0 0.55625 0.45859375 0.0125 0.0390625
0 0.559375 0.48125 0.01875 0.084375
0 0.5546875 0.4875 0.009375 0.06875
0 0.5546875 0.475 0.009375 0.071875
0 0.56015625 0.465625 0.0203125 0.053125
0 0.56875 0.45078125 0.01875 0.0234375
0 0.56171875 0.4796875 0.0234375 0.08125
0 0.5609375 0.48359375 0.021875 0.0890625
0 0.55390625 0.52734375 0.0078125 0.0578125
0 0.6453125 0.503125 0.0625 0.128125
0 0.6125 0.55703125 0.0359375 0.1328125
0 0.6015625 0.596875 0.03125 0.1296875
0 0.65078125 0.6265625 0.0328125 0.1375
0 0.88125 0.5140625 0.090625 0.15
0 0.96953125 0.575 0.0609375 0.271875
0 0.99375 0.7453125 0.0125 0.15625
0 0.93046875 0.88359375 0.0265625 0.15625
0 0.87265625 0.7515625 0.0453125 0.2765625
0 0.93125 0.71171875 0.0515625 0.184375
0 0.83671875 0.75859375 0.0375 0.171875
0 0.725 0.5765625 0.04375 0.15625
0 0.9921875 0.8734375 0.015625 0.140625
0 0.96171875 0.8703125 0.046875 0.203125
0 0.69140625 0.79296875 0.0328125 0.134375
0 0.68828125 0.90859375 0.0390625 0.1421875
0 0.725 0.82109375 0.034375 0.134375
0 0.9328125 0.984375 0.028125 0.03125
0 0.80546875 0.97890625 0.0296875 0.0421875
0 0.80390625 0.9171875 0.028125 0.1140625
0 0.7671875 0.93203125 0.034375 0.1359375
0 0.65625 0.94375 0.03125 0.1125
0 0.77109375 0.6203125 0.046875 0.1890625
0 0.5578125 0.6078125 0.015625 0.1375