0 0.15234375 0.21171875 0.0671875 0.0765625
0 0.0265625 0.0421875 0.053125 0.084375
0 0.33125 0.08515625 0.0484375 0.159375
0 0.1734375 0.02109375 0.028125 0.0421875
0 0.12890625 0.0796875 0.0609375 0.159375
0 0.6109375 0.14296875 0.05 0.15
0 0.5796875 0.03046875 0.040625 0.0609375
0 0.6234375 0.0484375 0.0625 0.096875
0 0.6109375 0.02890625 0.040625 0.0578125
0 0.40625 0.03671875 0.05625 0.0734375
0 0.09140625 0.07578125 0.0703125 0.1515625
0 0.61796875 0.025 0.0359375 0.05
0 0.6515625 0.1375 0.0296875 0.0875
0 0.565625 0.04609375 0.059375 0.0921875
0 0.53125 0.03828125 0.05625 0.0765625
0 0.52734375 0.040625 0.0578125 0.08125
0 0.03359375 0.07578125 0.0609375 0.1515625
0 0.47421875 0.0265625 0.0421875 0.053125
0 0.434375 0.02109375 0.028125 0.0421875
0 0.27265625 0.0359375 0.0609375 0.071875
0 0.459375 0.028125 0.040625 0.05625
0 0.7078125 0.178125 0.05625 0.14375
0 0.7328125 0.07109375 0.065625 0.1421875
0 0.75078125 0.16171875 0.0265625 0.1765625
0 0.72421875 0.05 0.034375 0.0984375
0 0.68203125 0.06484375 0.0484375 0.1296875
0 0.66171875 0.221875 0.0421875 0.05625
0 0.5546875 0.19375 0.059375 0.1125
0 0.49375 0.16953125 0.0375 0.1609375
0 0.40546875 0.21640625 0.0609375 0.0671875
0 0.459375 0.21328125 0.04375 0.0734375
0 0.25859375 0.20546875 0.0515625 0.0890625
0 0.1890625 0.0953125 0.0515625 0.13125
0 0.2375 0.10625 0.0390625 0.1296875
0 0.09921875 0.20859375 0.0359375 0.0828125
0 0.30546875 0.04375 0.0546875 0.0875
0 0.25 0.053125 0.04375 0.10625
0 0.3703125 0.0296875 0.0375 0.059375
0 0.359375 0.0359375 0.04375 0.071875
0 0.50703125 0.03203125 0.0421875 0.0640625
0 0.39921875 0.12109375 0.0515625 0.1140625
0 0.34921875 0.23515625 0.0390625 0.0296875
0 0.415625 0.0328125 0.034375 0.065625
0 0.66875 0.03984375 0.059375 0.0796875
0 0.23125 0.040625 0.075 0.08125
0 0.884375 0.15859375 0.23125 0.1828125
0 0.278125 0.69140625 0.36875 0.6171875
0 0.75859375 0.46171875 0.0203125 0.1546875
0 0.884375 0.6578125 0.23125 0.584375
0 0.85 0.89140625 0.1625 0.2171875
0 0.81171875 0.9046875 0.0859375 0.190625