0 0.1640625 0.64765625 0.0671875 0.1453125
0 0.1234375 0.865625 0.0734375 0.178125
0 0.03359375 0.21953125 0.0625 0.1703125
0 0.3421875 0.48671875 0.0484375 0.159375
0 0.0390625 0.721875 0.0546875 0.1203125
0 0.31484375 0.94453125 0.0359375 0.10625
0 0.81015625 0.6609375 0.0640625 0.1640625
0 0.18515625 0.33671875 0.028125 0.084375
0 0.83125 0.23828125 0.0671875 0.25
0 0.3640625 0.9515625 0.0546875 0.096875
0 0.140625 0.4296875 0.0609375 0.2640625
0 0.75 0.7640625 0.0375 0.125
0 0.621875 0.54453125 0.05 0.15
0 0.4015625 0.8359375 0.0390625 0.103125
0 0.13203125 0.9640625 0.053125 0.071875
0 0.59140625 0.22578125 0.040625 0.1234375
0 0.23984375 0.7484375 0.05625 0.134375
0 0.634375 0.39140625 0.0625 0.19375
0 0.62265625 0.0640625 0.040625 0.1171875
0 0.4171875 0.07421875 0.05625 0.1484375
0 0.10234375 0.16796875 0.0703125 0.3046875
0 0.6296875 0.1640625 0.0359375 0.1015625
0 0.26015625 0.921875 0.0390625 0.0921875
0 0.6625 0.5390625 0.0296875 0.0875
0 0.2140625 0.86875 0.0375 0.11875
0 0.57734375 0.38828125 0.059375 0.1859375
0 0.24453125 0.9765625 0.046875 0.046875
0 0.54296875 0.0828125 0.05625 0.153125
0 0.53828125 0.24296875 0.0578125 0.1625
0 0.021875 0.84609375 0.040625 0.1203125
0 0.04453125 0.41484375 0.0609375 0.278125
0 0.18125 0.8109375 0.0640625 0.190625
0 0.9671875 0.865625 0.065625 0.2484375
0 0.48515625 0.053125 0.0421875 0.10625
0 0.8296875 0.55625 0.0359375 0.0953125
0 0.4453125 0.265625 0.028125 0.084375
0 0.28359375 0.07265625 0.0609375 0.1453125
0 0.359375 0.7671875 0.0609375 0.121875
0 0.47109375 0.17109375 0.040625 0.1125
0 0.71875 0.58515625 0.05625 0.153125
0 0.74375 0.14296875 0.065625 0.2859375
0 0.67265625 0.921875 0.053125 0.15625
0 0.71171875 0.83359375 0.0421875 0.1640625
0 0.8203125 0.82578125 0.0765625 0.1796875
0 0.875 0.6328125 0.040625 0.2453125
0 0.76171875 0.56875 0.0265625 0.1859375
0 0.73515625 0.4515625 0.034375 0.0984375
0 0.69375 0.38203125 0.0484375 0.2609375
0 0.67265625 0.67421875 0.0421875 0.15625
0 0.6015625 0.8421875 0.05 0.14375
0 0.53671875 0.88671875 0.028125 0.078125
0 0.56015625 0.9453125 0.05625 0.1046875
0 0.4828125 0.9609375 0.040625 0.078125
0 0.5125 0.946875 0.03125 0.0890625
0 0.5328125 0.78046875 0.0625 0.153125
0 0.565625 0.6515625 0.059375 0.2234375
0 0.62578125 0.71328125 0.05 0.16875
0 0.50546875 0.58203125 0.0375 0.18125
0 0.4515625 0.88828125 0.0609375 0.171875
0 0.41640625 0.66875 0.0609375 0.16875
0 0.4703125 0.6703125 0.04375 0.1828125
0 0.2703125 0.64765625 0.0515625 0.16875
0 0.2 0.496875 0.0515625 0.13125
0 0.2484375 0.5078125 0.0390625 0.1296875
0 0.11015625 0.625 0.0359375 0.1109375
0 0.31640625 0.2328125 0.0546875 0.175
0 0.2609375 0.35859375 0.04375 0.2140625
0 0.38203125 0.15 0.0375 0.1203125
0 0.3703125 0.2640625 0.04375 0.1453125
0 0.51796875 0.36640625 0.0421875 0.128125
0 0.41015625 0.52265625 0.0515625 0.1140625
0 0.36015625 0.66796875 0.0390625 0.0921875
0 0.42734375 0.40390625 0.034375 0.128125
0 0.6796875 0.1390625 0.059375 0.1609375
0 0.915625 0.2078125 0.0421875 0.1296875
0 0.88671875 0.3578125 0.0625 0.18125
0 0.2421875 0.17890625 0.075 0.1640625