0 0.065625 0.14453125 0.13125 0.2890625
0 0.1546875 0.0421875 0.028125 0.0828125
0 0.2390625 0.12578125 0.0203125 0.146875
0 0.22265625 0.10703125 0.015625 0.1375
0 0.2765625 0.09921875 0.046875 0.1984375
0 0.359375 0.2 0.025 0.178125
0 0.45703125 0.240625 0.0234375 0.096875
0 0.43359375 0.21953125 0.0203125 0.1390625
0 0.3984375 0.20625 0.05 0.165625
0 0.3140625 0.12890625 0.025 0.16875
0 0.7890625 0.14453125 0.421875 0.2890625
0 0.07890625 0.46796875 0.1578125 0.3578125
0 0.734375 0.64453125 0.53125 0.7109375