0 0.30390625 0.26015625 0.2296875 0.2578125
0 0.8875 0.10234375 0.175 0.2046875
0 0.72421875 0.12734375 0.1859375 0.2546875
0 0.52734375 0.16796875 0.2171875 0.3359375
0 0.965625 0.0828125 0.06875 0.165625
0 0.92890625 0.07578125 0.1421875 0.1515625
0 0.44140625 0.19453125 0.0453125 0.3890625
0 0.39921875 0.63046875 0.0390625 0.2234375
0 0.26015625 0.43671875 0.1078125 0.0953125
0 0.22890625 0.87578125 0.040625 0.125
0 0.2484375 0.67421875 0.08125 0.196875
0 0.0609375 0.61796875 0.121875 0.4578125
0 0.140625 0.434375 0.15 0.090625
0 0.26640625 0.45703125 0.1140625 0.1359375
0 0.3765625 0.825 0.0625 0.09375
0 0.709375 0.69453125 0.58125 0.6109375