0 0.18203125 0.11640625 0.2046875 0.2328125
0 0.28671875 0.275 0.3265625 0.55
0 0.37578125 0.0171875 0.0421875 0.034375
0 0.0390625 0.10546875 0.078125 0.2109375
0 0.071875 0.13828125 0.14375 0.2765625
0 0.09921875 0.275 0.1984375 0.55
0 0.475 0.21171875 0.05 0.4234375
0 0.4625 0.2046875 0.025 0.409375
0 0.5015625 0.24375 0.0703125 0.3625
0 0.5453125 0.2859375 0.0265625 0.25
0 0.571875 0.31171875 0.021875 0.2046875
0 0.60546875 0.30859375 0.05625 0.2125
0 0.6578125 0.30625 0.0578125 0.1984375
0 0.01640625 0.69609375 0.0328125 0.2921875
0 0.07421875 0.7390625 0.0703125 0.2484375
0 0.18515625 0.740625 0.06875 0.1796875
0 0.9171875 0.77734375 0.140625 0.2046875