0 0.321875 0.196875 0.075 0.346875
0 0.12734375 0.2390625 0.2546875 0.39375
0 0.23671875 0.275 0.2453125 0.55
0 0.6890625 0.275 0.534375 0.55
0 0.96015625 0.465625 0.05 0.1140625
0 0.871875 0.45703125 0.078125 0.128125
0 0.7890625 0.4671875 0.071875 0.1046875
0 0.584375 0.47734375 0.1265625 0.1140625
0 0.4671875 0.47265625 0.1046875 0.1046875
0 0.384375 0.4734375 0.05 0.090625
0 0.37578125 0.47421875 0.0328125 0.1265625
0 0.37734375 0.48046875 0.0359375 0.1015625
0 0.16640625 0.775 0.3328125 0.45
0 0.509375 0.821875 0.29375 0.35625