0 0.509375 0.24453125 0.159375 0.2484375
0 0.25546875 0.25546875 0.1578125 0.2265625
0 0.0734375 0.22265625 0.146875 0.2921875
0 0.20546875 0.184375 0.3984375 0.36875
0 0.6375 0.2171875 0.096875 0.303125
0 0.72890625 0.22578125 0.1171875 0.2859375
0 0.90078125 0.20859375 0.1984375 0.3203125
0 0.42734375 0.425 0.0578125 0.1125
0 0.44453125 0.4875 0.04375 0.1640625
0 0.4859375 0.54453125 0.0578125 0.221875
0 0.259375 0.38984375 0.0375 0.0421875
0 0.34375 0.4328125 0.084375 0.128125
0 0.278125 0.4515625 0.04375 0.165625
0 0.31171875 0.534375 0.021875 0.0765625
0 0.35546875 0.646875 0.034375 0.140625
0 0.40078125 0.51875 0.028125 0.1125
0 0.33984375 0.5375 0.0359375 0.0984375
0 0.39765625 0.63125 0.0421875 0.159375
0 0.428125 0.678125 0.0421875 0.159375
0 0.49921875 0.71640625 0.0546875 0.1328125
0 0.584375 0.52421875 0.009375 0.0859375
0 0.57578125 0.6609375 0.0265625 0.2125
0 0.17265625 0.403125 0.0578125 0.06875
0 0.225 0.39453125 0.0375 0.0515625
0 0.23125 0.4265625 0.04375 0.115625
0 0.11640625 0.38359375 0.0328125 0.0296875
0 0.071875 0.3796875 0.034375 0.021875
0 0.08515625 0.4359375 0.0484375 0.134375
0 0.12109375 0.428125 0.0296875 0.11875
0 0.15078125 0.434375 0.0328125 0.115625
0 0.1875 0.48828125 0.03125 0.1078125
0 0.2453125 0.57890625 0.0328125 0.1203125
0 0.28359375 0.59921875 0.034375 0.1046875
0 0.04375 0.39765625 0.03125 0.0578125
0 0.01484375 0.3890625 0.0234375 0.040625
0 0.01875 0.42890625 0.0375 0.1203125
0 0.0390625 0.44921875 0.025 0.1140625
0 0.01171875 0.4984375 0.0234375 0.115625
0 0.059375 0.584375 0.0484375 0.146875
0 0.1515625 0.55 0.0328125 0.1296875
0 0.115625 0.5375 0.0390625 0.10625
0 0.1875 0.59375 0.0359375 0.1265625
0 0.2234375 0.6453125 0.03125 0.109375
0 0.3015625 0.67265625 0.05 0.121875
0 0.34296875 0.73984375 0.0390625 0.0890625
0 0.50703125 0.79296875 0.05625 0.1109375
0 0.559375 0.90234375 0.0171875 0.1296875
0 0.57890625 0.9515625 0.0203125 0.096875
0 0.0125 0.42578125 0.025 0.1140625
0 0.0046875 0.3828125 0.009375 0.028125
0 0.00625 0.3890625 0.0125 0.040625
0 0.0109375 0.55703125 0.021875 0.1234375
0 0.0046875 0.60703125 0.009375 0.0828125
0 0.01953125 0.6140625 0.021875 0.0703125
0 0.115625 0.64140625 0.0328125 0.146875
0 0.15078125 0.66171875 0.0375 0.11875
0 0.02109375 0.4703125 0.0421875 0.1875
0 0.01015625 0.5265625 0.0203125 0.0875
0 0.01328125 0.58671875 0.0265625 0.1546875
0 0.00703125 0.6109375 0.0140625 0.109375
0 0.01171875 0.64609375 0.0234375 0.1390625
0 0.00625 0.646875 0.0125 0.06875
0 0.06015625 0.83984375 0.040625 0.1484375
0 0.18671875 0.78046875 0.0234375 0.1
0 0.1375 0.75 0.03125 0.065625
0 0.12109375 0.82734375 0.034375 0.1
0 0.30625 0.79453125 0.028125 0.090625
0 0.34140625 0.81171875 0.028125 0.0703125
0 0.40625 0.84140625 0.0234375 0.0796875
0 0.4515625 0.77578125 0.0390625 0.1015625
0 0.38671875 0.759375 0.03125 0.084375
0 0.2140625 0.93046875 0.0234375 0.0796875
0 0.2328125 0.96875 0.0203125 0.05625
0 0.01015625 0.69375 0.0203125 0.103125
0 0.00625 0.9359375 0.0125 0.103125
0 0.009375 0.75546875 0.01875 0.0984375
0 0.059375 0.72265625 0.025 0.09375
0 0.08515625 0.7453125 0.028125 0.090625
0 0.009375 0.77890625 0.01875 0.0984375
0 0.01171875 0.67421875 0.0234375 0.1609375
0 0.0078125 0.928125 0.015625 0.06875
0 0.00546875 0.978125 0.0109375 0.04375
0 0.18671875 0.96484375 0.015625 0.0671875
0 0.21640625 0.8453125 0.021875 0.078125
0 0.1859375 0.87578125 0.01875 0.0671875
0 0.21796875 0.759375 0.0171875 0.059375
0 0.01328125 0.66875 0.0203125 0.0671875
0 0.0375 0.69921875 0.028125 0.1296875
0 0.00546875 0.63125 0.0109375 0.090625
0 0.00703125 0.715625 0.0140625 0.09375
0 0.0125 0.83046875 0.025 0.0796875
0 0.03046875 0.83671875 0.0234375 0.0625
0 0.01328125 0.96328125 0.0265625 0.059375
0 0.08671875 0.93359375 0.0234375 0.0734375
0 0.11953125 0.925 0.025 0.0828125
0 0.00546875 0.88125 0.0109375 0.0875
0 0.3484375 0.98046875 0.015625 0.0390625
0 0.30078125 0.9703125 0.0203125 0.059375
0 0.1515625 0.90078125 0.034375 0.1
0 0.46171875 0.87265625 0.0203125 0.075
0 0.44375 0.90234375 0.01875 0.0609375
0 0.384375 0.834375 0.0234375 0.0671875
0 0.36171875 0.85234375 0.0234375 0.071875
0 0.34296875 0.87890625 0.0234375 0.0640625
0 0.29765625 0.8640625 0.015625 0.053125
0 0.2609375 0.81953125 0.028125 0.0703125
0 0.2640625 0.75234375 0.0140625 0.053125
0 0.52421875 0.87265625 0.0171875 0.0546875
0 0.51328125 0.90078125 0.021875 0.071875
0 0.46953125 0.9125 0.01875 0.05
0 0.4875 0.9140625 0.0125 0.0421875
0 0.421875 0.8734375 0.0203125 0.075
0 0.3921875 0.92578125 0.0140625 0.06875
0 0.4578125 0.95625 0.0125 0.053125
0 0.51875 0.95859375 0.0234375 0.05
0 0.00859375 0.7703125 0.0171875 0.071875
0 0.00546875 0.8 0.0109375 0.075
0 0.2703125 0.9046875 0.0171875 0.053125
0 0.25625 0.884375 0.0171875 0.040625
0 0.23984375 0.85546875 0.021875 0.0578125
0 0.25078125 0.928125 0.0203125 0.06875
0 0.2140625 0.98671875 0.01875 0.0265625
0 0.54453125 0.95078125 0.0171875 0.08125
0 0.00546875 0.946875 0.0109375 0.059375
0 0.1546875 0.99140625 0.01875 0.0171875
0 0.41328125 0.96796875 0.0265625 0.0640625
0 0.4734375 0.9640625 0.01875 0.0546875
0 0.85625 0.6703125 0.2875 0.603125