0 0.45390625 0.07734375 0.0890625 0.1546875
0 0.4359375 0.0640625 0.053125 0.128125
0 0.43203125 0.20234375 0.0453125 0.1921875
0 0.43984375 0.16640625 0.0609375 0.2171875
0 0.5890625 0.21640625 0.178125 0.3453125
0 0.79765625 0.06640625 0.1703125 0.1328125
0 0.78046875 0.1484375 0.1765625 0.296875
0 0.4359375 0.36171875 0.053125 0.1765625
0 0.71953125 0.34921875 0.0640625 0.1765625
0 0.828125 0.3609375 0.096875 0.178125
0 0.69296875 0.4109375 0.1046875 0.078125
0 0.90859375 0.36875 0.0515625 0.1625
0 0.0203125 0.609375 0.040625 0.31875
0 0.0203125 0.5984375 0.040625 0.296875
0 0.01796875 0.60859375 0.0359375 0.3171875
0 0.02578125 0.6 0.0515625 0.3
0 0.17109375 0.60625 0.0734375 0.3125
0 0.2734375 0.60859375 0.1 0.3171875
0 0.021875 0.6140625 0.04375 0.328125
0 0.0203125 0.59609375 0.040625 0.2921875
0 0.065625 0.59609375 0.09375 0.2921875
0 0.375 0.609375 0.06875 0.31875
0 0.03359375 0.5859375 0.0671875 0.271875
0 0.525 0.725 0.23125 0.55
0 0.44296875 0.92421875 0.0671875 0.1515625
0 0.421875 0.83828125 0.025 0.0796875
0 0.4203125 0.846875 0.021875 0.059375
0 0.4171875 0.81171875 0.015625 0.0890625
0 0.415625 0.76484375 0.0125 0.1609375
0 0.42109375 0.71015625 0.0234375 0.0578125
0 0.42265625 0.76875 0.0265625 0.075