0 0.425 0.66953125 0.140625 0.4671875
0 0.80234375 0.70390625 0.14375 0.29375
0 0.61171875 0.63515625 0.153125 0.50625
0 0.36328125 0.91484375 0.0890625 0.1703125
0 0.1171875 0.60078125 0.1734375 0.3328125
0 0.071875 0.309375 0.14375 0.246875
0 0.16875 0.2421875 0.0703125 0.1234375
0 0.234375 0.43125 0.1015625 0.4765625
0 0.25859375 0.09765625 0.128125 0.175
0 0.9484375 0.41796875 0.103125 0.421875
0 0.83671875 0.30546875 0.0703125 0.1453125
0 0.85078125 0.1546875 0.071875 0.190625
0 0.9171875 0.1 0.14375 0.2
0 0.76328125 0.190625 0.0875 0.1484375
0 0.63515625 0.2546875 0.1265625 0.2515625
0 0.79453125 0.40859375 0.18125 0.3046875
0 0.22734375 0.8375 0.075 0.13125
0 0.065625 0.94765625 0.059375 0.1046875
0 0.48984375 0.8796875 0.0953125 0.240625
0 0.61328125 0.91796875 0.059375 0.1640625
0 0.85546875 0.93984375 0.0703125 0.1203125
0 0.51484375 0.325 0.0953125 0.3734375
0 0.42265625 0.3203125 0.0859375 0.190625
0 0.3265625 0.3296875 0.0875 0.15
0 0.34609375 0.1609375 0.078125 0.1703125
0 0.42890625 0.10859375 0.0671875 0.1859375
0 0.1046875 0.15234375 0.0921875 0.134375