0 0.0359375 0.2984375 0.071875 0.246875
0 0.0765625 0.23125 0.0703125 0.1234375
0 0.14140625 0.31015625 0.1015625 0.2578125
0 0.165625 0.08671875 0.128125 0.1734375
0 0.40703125 0.2828125 0.0640625 0.3125
0 0.33046875 0.309375 0.0859375 0.190625
0 0.234375 0.31875 0.0875 0.15
0 0.25390625 0.15 0.078125 0.1703125
0 0.33671875 0.09765625 0.0671875 0.1859375
0 0.02890625 0.140625 0.0578125 0.134375
0 0.5453125 0.3125 0.2125 0.253125
0 0.22265625 0.71953125 0.4328125 0.5609375
0 0.50546875 0.77421875 0.1328125 0.4515625
0 0.94765625 0.759375 0.1046875 0.48125
0 0.684375 0.8921875 0.10625 0.2109375
0 0.8140625 0.890625 0.128125 0.1734375
0 0.4671875 0.89765625 0.05625 0.1515625
0 0.521875 0.87421875 0.0609375 0.1453125
0 0.59609375 0.85 0.08125 0.1609375
0 0.9109375 0.8796875 0.08125 0.171875