0 0.2125 0.41640625 0.140625 0.3859375
0 0.53359375 0.4765625 0.0328125 0.265625
0 0.3984375 0.3890625 0.153125 0.440625
0 0.04296875 0.38828125 0.0859375 0.3328125
0 0.0359375 0.11015625 0.071875 0.2203125
0 0.0171875 0.0453125 0.034375 0.090625
0 0.0359375 0.228125 0.071875 0.45625
0 0.0546875 0.04375 0.109375 0.0875
0 0.528125 0.03671875 0.04375 0.0734375
0 0.42265625 0.08359375 0.1265625 0.1671875
0 0.5203125 0.19609375 0.059375 0.3046875
0 0.02578125 0.584375 0.0515625 0.05
0 0.27734375 0.578125 0.0953125 0.0625
0 0.30234375 0.14921875 0.0953125 0.2984375
0 0.21015625 0.1078125 0.0859375 0.190625
0 0.1140625 0.1171875 0.0875 0.15
0 0.1328125 0.0421875 0.078125 0.084375
0 0.21640625 0.04609375 0.0671875 0.0921875
0 0.02265625 0.03359375 0.0453125 0.0671875
0 0.63125 0.2375 0.1625 0.4375
0 0.81171875 0.2375 0.16875 0.4171875
0 0.96328125 0.2453125 0.0734375 0.43125
0 0.3078125 0.8046875 0.484375 0.390625