0 0.27265625 0.22265625 0.1578125 0.2140625
0 0.1875 0.2296875 0.0625 0.2
0 0.08203125 0.2578125 0.0765625 0.14375
0 0.0171875 0.25625 0.034375 0.146875
0 0.01796875 0.25234375 0.0359375 0.1546875
0 0.01796875 0.25078125 0.0359375 0.1578125
0 0.609375 0.05703125 0.1 0.1140625
0 0.45625 0.04765625 0.075 0.0953125
0 0.42890625 0.246875 0.0203125 0.125
0 0.44375 0.071875 0.05 0.14375
0 0.4515625 0.15 0.065625 0.3
0 0.45625 0.0453125 0.075 0.090625
0 0.95625 0.053125 0.0875 0.10625
0 0.8875 0.09921875 0.090625 0.1984375
0 0.4609375 0.05703125 0.084375 0.1140625
0 0.6625 0.06171875 0.10625 0.1234375
0 0.6078125 0.0375 0.071875 0.075
0 0.55625 0.196875 0.0625 0.09375
0 0.209375 0.7078125 0.41875 0.584375
0 0.82578125 0.77109375 0.2453125 0.4578125