0 0.48828125 0.209375 0.2015625 0.41875
0 0.028125 0.221875 0.05625 0.39375
0 0.021875 0.28828125 0.04375 0.2609375
0 0.06875 0.209375 0.1375 0.41875
0 0.14375 0.21328125 0.0625 0.4109375
0 0.24765625 0.33203125 0.0765625 0.1734375
0 0.33671875 0.37734375 0.0703125 0.0828125
0 0.38671875 0.328125 0.0734375 0.18125
0 0.96328125 0.09140625 0.0734375 0.1828125
0 0.88125 0.06875 0.09375 0.1375
0 0.8109375 0.06171875 0.04375 0.1234375
0 0.746875 0.078125 0.096875 0.15625
0 0.66171875 0.209375 0.1453125 0.41875
0 0.60390625 0.77109375 0.0296875 0.2265625
0 0.80390625 0.65546875 0.059375 0.11875
0 0.6953125 0.67265625 0.0375 0.0984375
0 0.5984375 0.78046875 0.01875 0.1015625
0 0.6 0.725 0.021875 0.090625
0 0.73828125 0.64453125 0.0359375 0.115625
0 0.64453125 0.684375 0.0359375 0.134375
0 0.6015625 0.815625 0.025 0.153125
0 0.59921875 0.75859375 0.0203125 0.1359375
0 0.8515625 0.4546875 0.0296875 0.0453125
0 0.78046875 0.92265625 0.0984375 0.1546875
0 0.59609375 0.58828125 0.0140625 0.0671875
0 0.85390625 0.56640625 0.0359375 0.0765625
0 0.86015625 0.7328125 0.0796875 0.15625
0 0.7125 0.7859375 0.0703125 0.178125
0 0.59765625 0.64765625 0.0171875 0.0578125
0 0.990625 0.7796875 0.01875 0.20625
0 0.93984375 0.73515625 0.0671875 0.1734375
0 0.6046875 0.6234375 0.03125 0.265625
0 0.6 0.46171875 0.021875 0.0859375
0 0.9375 0.93984375 0.0625 0.1203125
0 0.86171875 0.93359375 0.0734375 0.1328125
0 0.7 0.5734375 0.0390625 0.1375
0 0.64609375 0.5640625 0.03125 0.1328125
0 0.80546875 0.5578125 0.0390625 0.1015625