0 0.325 0.26953125 0.4375 0.5390625
0 0.81484375 0.26953125 0.3703125 0.5390625
0 0.10703125 0.5890625 0.0921875 0.1
0 0.09921875 0.78046875 0.178125 0.309375
0 0.2359375 0.7078125 0.10625 0.25625
0 0.21015625 0.58671875 0.0921875 0.0953125
0 0.08515625 0.59296875 0.1234375 0.1078125
0 0.484375 0.625 0.178125 0.171875
0 0.19296875 0.59765625 0.1078125 0.1171875
0 0.02109375 0.59453125 0.0421875 0.1109375
0 0.60625 0.5828125 0.046875 0.0875
0 0.5828125 0.58671875 0.09375 0.0953125
0 0.78984375 0.76953125 0.3203125 0.4609375