0 0.13125 0.34375 0.2625 0.571875
0 0.42890625 0.2734375 0.0203125 0.125
0 0.425 0.3109375 0.0125 0.084375
0 0.43984375 0.24140625 0.0421875 0.2140625
0 0.428125 0.3046875 0.01875 0.109375
0 0.4296875 0.2765625 0.021875 0.096875
0 0.425 0.37421875 0.0125 0.0640625
0 0.57578125 0.1984375 0.3140625 0.396875
0 0.9875 0.103125 0.025 0.20625
0 0.94453125 0.0984375 0.0890625 0.196875
0 0.84609375 0.065625 0.1078125 0.13125
0 0.82421875 0.1625 0.0734375 0.1328125
0 0.76328125 0.10390625 0.0515625 0.096875
0 0.71484375 0.15625 0.0515625 0.0984375
0 0.66328125 0.14453125 0.078125 0.1734375
0 0.609375 0.20390625 0.0375 0.109375
0 0.27265625 0.81484375 0.2921875 0.3703125
0 0.53671875 0.91015625 0.03125 0.08125
0 0.8484375 0.97265625 0.028125 0.0546875
0 0.4328125 0.878125 0.028125 0.115625
0 0.425 0.81796875 0.0125 0.0609375
0 0.8 0.86171875 0.0265625 0.0765625
0 0.621875 0.8328125 0.015625 0.0390625
0 0.94921875 0.88359375 0.025 0.0421875
0 0.975 0.88359375 0.01875 0.0484375
0 0.92734375 0.94140625 0.0296875 0.059375
0 0.68203125 0.92109375 0.0203125 0.0484375
0 0.66875 0.95390625 0.0203125 0.053125
0 0.7765625 0.8390625 0.01875 0.0484375
0 0.89296875 0.89765625 0.03125 0.1046875
0 0.86484375 0.896875 0.028125 0.09375
0 0.51015625 0.97734375 0.0265625 0.0453125
0 0.74921875 0.8390625 0.01875 0.0484375
0 0.42421875 0.896875 0.0109375 0.0625
0 0.67734375 0.98984375 0.0421875 0.0203125
0 0.59375 0.95078125 0.04375 0.0984375
0 0.4734375 0.9859375 0.04375 0.028125
0 0.5015625 0.853125 0.034375 0.14375
0 0.43046875 0.90234375 0.0234375 0.1390625
0 0.4296875 0.83359375 0.021875 0.1453125
0 0.42578125 0.8296875 0.0140625 0.115625
0 0.90859375 0.81171875 0.0421875 0.0453125
0 0.83125 0.8421875 0.025 0.090625
0 0.70234375 0.78515625 0.025 0.075
0 0.66171875 0.90390625 0.025 0.059375
0 0.72890625 0.990625 0.0234375 0.01875
0 0.46171875 0.771875 0.0265625 0.0625
0 0.646875 0.8265625 0.015625 0.0453125
0 0.42578125 0.853125 0.0140625 0.071875
0 0.4234375 0.94921875 0.009375 0.0390625
0 0.425 0.7890625 0.0125 0.075
0 0.971875 0.984375 0.03125 0.03125