0 0.28515625 0.253125 0.4453125 0.43125
0 0.8296875 0.1296875 0.340625 0.259375
0 0.11484375 0.91640625 0.0921875 0.1671875
0 0.5765625 0.54296875 0.06875 0.1484375
0 0.33203125 0.85546875 0.078125 0.1625
0 0.5671875 0.76328125 0.090625 0.3328125
0 0.2671875 0.5046875 0.053125 0.071875
0 0.22734375 0.59609375 0.059375 0.103125
0 0.628125 0.7765625 0.0625 0.359375
0 0.4390625 0.49609375 0.059375 0.0546875
0 0.3796875 0.49296875 0.046875 0.0484375
0 0.16953125 0.50234375 0.0609375 0.0671875
0 0.41796875 0.74609375 0.15625 0.4109375
0 0.20546875 0.75546875 0.0453125 0.1125
0 0.23203125 0.72109375 0.0359375 0.1375
0 0.33046875 0.65234375 0.0375 0.1125
0 0.7375 0.50703125 0.15625 0.0765625