0 0.315625 0.24765625 0.146875 0.3828125
0 0.66640625 0.16953125 0.0921875 0.2734375
0 0.8828125 0.06796875 0.078125 0.1359375
0 0.81875 0.0359375 0.053125 0.071875
0 0.778125 0.02578125 0.059375 0.0515625
0 0.98046875 0.02734375 0.0390625 0.0546875
0 0.93125 0.02421875 0.046875 0.0484375
0 0.72109375 0.03359375 0.0609375 0.0671875
0 0.9453125 0.10234375 0.109375 0.2046875
0 0.53203125 0.21953125 0.0546875 0.171875
0 0.75625 0.028125 0.04375 0.05625
0 0.7828125 0.03359375 0.034375 0.0671875
0 0.88125 0.028125 0.0375 0.05625
0 0.0671875 0.71953125 0.134375 0.5609375
0 0.6890625 0.6640625 0.6 0.45