0 0.0484375 0.340625 0.096875 0.396875
0 0.02890625 0.34921875 0.0578125 0.3796875
0 0.25 0.33203125 0.45 0.4140625
0 0.60078125 0.26953125 0.0828125 0.5390625
0 0.584375 0.3390625 0.05 0.4
0 0.65859375 0.26953125 0.1515625 0.5390625
0 0.6796875 0.37421875 0.034375 0.3296875
0 0.73984375 0.46796875 0.0546875 0.1421875
0 0.76484375 0.45625 0.0296875 0.165625
0 0.8234375 0.41875 0.084375 0.240625
0 0.921875 0.26953125 0.15625 0.5390625
0 0.0484375 0.78359375 0.096875 0.1359375
0 0.66171875 0.72109375 0.2046875 0.3640625