0 0.23125 0.0859375 0.215625 0.171875
0 0.40625 0.05390625 0.1375 0.1078125
0 0.55078125 0.28984375 0.0984375 0.5296875
0 0.2625 0.28984375 0.45 0.5796875
0 0.0484375 0.1890625 0.096875 0.378125
0 0.65390625 0.465625 0.034375 0.1046875
0 0.625 0.5203125 0.05 0.11875
0 0.8859375 0.02421875 0.034375 0.0484375
0 0.6796875 0.5453125 0.059375 0.06875
0 0.9421875 0.09609375 0.0359375 0.08125
0 0.91953125 0.3359375 0.0390625 0.09375
0 0.98828125 0.0125 0.0234375 0.025
0 0.609375 0.02578125 0.01875 0.0515625
0 0.97421875 0.02109375 0.0296875 0.0421875
0 0.89453125 0.28046875 0.034375 0.115625
0 0.6109375 0.03046875 0.021875 0.0609375
0 0.66875 0.0234375 0.028125 0.046875
0 0.88984375 0.5 0.0953125 0.159375
0 0.97109375 0.15234375 0.0296875 0.0703125
0 0.775 0.03203125 0.04375 0.0640625
0 0.63671875 0.0265625 0.0484375 0.053125
0 0.6125 0.0328125 0.025 0.065625
0 0.60703125 0.0296875 0.0140625 0.059375
0 0.94765625 0.265625 0.0453125 0.090625
0 0.62578125 0.1703125 0.034375 0.1015625
0 0.61484375 0.4109375 0.0296875 0.13125
0 0.98828125 0.03828125 0.0234375 0.0765625
0 0.60859375 0.0890625 0.0171875 0.115625
0 0.83046875 0.025 0.0359375 0.05
0 0.62109375 0.49453125 0.0421875 0.1703125
0 0.72109375 0.06015625 0.0515625 0.1203125
0 0.6078125 0.01875 0.015625 0.0375
0 0.6140625 0.51875 0.028125 0.121875
0 0.6578125 0.04765625 0.053125 0.0953125
0 0.746875 0.18125 0.0390625 0.1171875
0 0.609375 0.21796875 0.01875 0.1484375
0 0.83046875 0.2109375 0.0609375 0.1234375
0 0.6171875 0.19765625 0.034375 0.2640625
0 0.61171875 0.17109375 0.0234375 0.1859375
0 0.61015625 0.0890625 0.0203125 0.11875
0 0.61171875 0.03828125 0.0234375 0.0765625
0 0.6140625 0.03515625 0.028125 0.0703125
0 0.7390625 0.40703125 0.090625 0.3453125
0 0.81875 0.38125 0.0640625 0.2265625
0 0.9609375 0.3796875 0.078125 0.31875
0 0.6296875 0.42578125 0.059375 0.2703125
0 0.62890625 0.1546875 0.0578125 0.275
0 0.625 0.18046875 0.05 0.2515625
0 0.62421875 0.36796875 0.0484375 0.2265625
0 0.61875 0.0609375 0.0375 0.121875
0 0.61796875 0.04375 0.0359375 0.0875
0 0.6125 0.0328125 0.025 0.065625
0 0.73671875 0.03671875 0.0421875 0.0734375
0 0.709375 0.0328125 0.0375 0.065625
0 0.7265625 0.021875 0.025 0.04375
0 0.7890625 0.05078125 0.034375 0.1015625
0 0.82109375 0.03125 0.0328125 0.0625
0 0.83046875 0.096875 0.0734375 0.19375
0 0.89765625 0.17109375 0.040625 0.20625
0 0.890625 0.0296875 0.034375 0.059375
0 0.921875 0.0359375 0.046875 0.071875
0 0.94609375 0.0375 0.0453125 0.075
0 0.98125 0.0421875 0.0375 0.084375
0 0.6109375 0.0375 0.021875 0.075
0 0.6078125 0.028125 0.015625 0.05625
0 0.61015625 0.02890625 0.0203125 0.0578125
0 0.61171875 0.0265625 0.0234375 0.053125
0 0.61015625 0.0296875 0.0203125 0.059375
0 0.6109375 0.0296875 0.021875 0.059375
0 0.61171875 0.02890625 0.0234375 0.0578125
0 0.66796875 0.27734375 0.071875 0.3359375
0 0.61875 0.271875 0.0375 0.2875
0 0.85 0.03828125 0.05 0.0765625
0 0.31171875 0.78984375 0.5765625 0.4203125
0 0.93984375 0.7671875 0.1203125 0.15
0 0.6671875 0.740625 0.134375 0.171875
0 0.7859375 0.77890625 0.090625 0.1