0 0.203125 0.29296875 0.40625 0.0921875
0 0.41328125 0.315625 0.1640625 0.046875
0 0.8453125 0.08671875 0.309375 0.1734375
0 0.0234375 0.81015625 0.046875 0.1796875
0 0.025 0.95625 0.05 0.0875
0 0.021875 0.95390625 0.04375 0.0921875
0 0.409375 0.9671875 0.1 0.065625
0 0.2765625 0.9546875 0.078125 0.090625
0 0.4390625 0.8828125 0.05625 0.0984375
0 0.50859375 0.878125 0.0609375 0.125
0 0.08515625 0.7359375 0.0640625 0.13125
0 0.01328125 0.81640625 0.0265625 0.1890625
0 0.01953125 0.58828125 0.0390625 0.1015625
0 0.01171875 0.51484375 0.0234375 0.1234375
0 0.39140625 0.915625 0.0484375 0.0984375
0 0.1796875 0.68984375 0.09375 0.2015625
0 0.01640625 0.63828125 0.0328125 0.1359375
0 0.15078125 0.92578125 0.1421875 0.1484375
0 0.2671875 0.7703125 0.134375 0.315625
0 0.37421875 0.6765625 0.1078125 0.284375
0 0.47265625 0.675 0.1234375 0.2359375
0 0.13046875 0.5828125 0.0671875 0.178125
0 0.6015625 0.95625 0.075 0.0875