0 0.27890625 0.15390625 0.3609375 0.3078125
0 0.03515625 0.1953125 0.0703125 0.13125
0 0.0328125 0.175 0.065625 0.1875
0 0.046875 0.1828125 0.09375 0.165625
0 0.09140625 0.20078125 0.1640625 0.121875
0 0.5390625 0.21484375 0.159375 0.4296875
0 0.5203125 0.18046875 0.121875 0.3609375
0 0.5671875 0.21484375 0.19375 0.4296875
0 0.8171875 0.0890625 0.18125 0.178125
0 0.678125 0.121875 0.14375 0.24375
0 0.96796875 0.06484375 0.0640625 0.1296875
0 0.2296875 0.62578125 0.459375 0.3921875
0 0.50625 0.79296875 0.06875 0.2765625
0 0.64453125 0.46875 0.0390625 0.078125
0 0.534375 0.590625 0.0390625 0.1546875
0 0.96015625 0.475 0.0546875 0.090625
0 0.47421875 0.46171875 0.0296875 0.0640625
0 0.784375 0.8265625 0.0390625 0.1109375
0 0.7328125 0.4765625 0.053125 0.09375
0 0.46796875 0.915625 0.0171875 0.15
0 0.87734375 0.77890625 0.04375 0.1625
0 0.828125 0.48203125 0.065625 0.1046875
0 0.88515625 0.934375 0.0421875 0.13125
0 0.84609375 0.54296875 0.0671875 0.2265625
0 0.4765625 0.84609375 0.034375 0.2984375
0 0.6765625 0.94609375 0.06875 0.1078125
0 0.5703125 0.57109375 0.0390625 0.1546875
0 0.6671875 0.77578125 0.053125 0.1796875
0 0.76875 0.55703125 0.05625 0.2546875
0 0.7390625 0.93359375 0.05 0.1328125
0 0.56953125 0.46640625 0.0359375 0.0734375
0 0.46953125 0.77265625 0.0203125 0.1359375
0 0.99453125 0.87890625 0.0109375 0.0984375
0 0.49296875 0.59921875 0.0375 0.11875
0 0.590625 0.88515625 0.096875 0.1640625
0 0.596875 0.97421875 0.084375 0.0515625
0 0.47734375 0.6515625 0.0359375 0.3625
0 0.47421875 0.56328125 0.0296875 0.2109375
0 0.47578125 0.48984375 0.0328125 0.1203125
0 0.4734375 0.47109375 0.028125 0.0828125
0 0.47890625 0.48046875 0.0390625 0.1015625
0 0.53046875 0.48671875 0.0609375 0.1140625
0 0.60546875 0.4953125 0.0578125 0.13125
0 0.95234375 0.48359375 0.0453125 0.1078125
0 0.8609375 0.47578125 0.08125 0.0921875
0 0.96875 0.9609375 0.0625 0.078125
0 0.91328125 0.82109375 0.040625 0.2484375
0 0.96875 0.690625 0.0625 0.225