0 0.0609375 0.0859375 0.121875 0.13125
0 0.1859375 0.0796875 0.13125 0.159375
0 0.28828125 0.078125 0.0609375 0.15625
0 0.5625 0.390625 0.34375 0.296875
0 0.0984375 0.8078125 0.196875 0.384375
0 0.490625 0.97734375 0.09375 0.0453125
0 0.6265625 0.57734375 0.046875 0.0765625
0 0.9546875 0.865625 0.090625 0.13125
0 0.55078125 0.940625 0.0671875 0.11875
0 0.375 0.96328125 0.096875 0.0734375
0 0.78046875 0.9828125 0.0921875 0.034375
0 0.57734375 0.58203125 0.0578125 0.0859375
0 0.6875 0.6453125 0.040625 0.0859375
0 0.56015625 0.6140625 0.046875 0.1125
0 0.6390625 0.59375 0.0625 0.109375
0 0.990625 0.93828125 0.01875 0.1234375
0 0.72890625 0.56015625 0.0390625 0.0421875
0 0.96875 0.7671875 0.0421875 0.084375
0 0.9359375 0.55859375 0.025 0.0390625
0 0.41875 0.58046875 0.04375 0.0828125
0 0.4703125 0.71953125 0.0578125 0.1015625
0 0.51328125 0.77578125 0.0640625 0.140625
0 0.9421875 0.5609375 0.034375 0.04375
0 0.50859375 0.8953125 0.04375 0.0984375
0 0.49921875 0.56015625 0.0390625 0.0421875
0 0.928125 0.95625 0.065625 0.0875
0 0.821875 0.56015625 0.028125 0.0421875
0 0.68125 0.91484375 0.0546875 0.125
0 0.4984375 0.56484375 0.0375 0.0515625
0 0.51484375 0.56875 0.0453125 0.059375
0 0.84296875 0.9015625 0.028125 0.084375
0 0.98515625 0.5890625 0.0296875 0.1
0 0.846875 0.5625 0.025 0.046875
0 0.6890625 0.565625 0.03125 0.053125
0 0.91484375 0.559375 0.0234375 0.040625
0 0.52421875 0.5625 0.0359375 0.046875
0 0.59375 0.88046875 0.0625 0.14375
0 0.3296875 0.5578125 0.021875 0.0375
0 0.42734375 0.56171875 0.0296875 0.0453125
0 0.4609375 0.56171875 0.0375 0.0453125
0 0.9375 0.55546875 0.021875 0.0328125
0 0.7625 0.865625 0.0234375 0.075
0 0.7328125 0.56328125 0.028125 0.0484375
0 0.45625 0.5515625 0.021875 0.025
0 0.39296875 0.5828125 0.0671875 0.0875
0 0.4859375 0.63671875 0.0640625 0.1
0 0.65859375 0.575 0.0390625 0.071875
0 0.76328125 0.553125 0.0421875 0.028125
0 0.334375 0.6375 0.03125 0.06875
0 0.346875 0.8671875 0.05625 0.153125
0 0.80234375 0.88984375 0.0484375 0.1296875
0 0.7875 0.56640625 0.028125 0.0546875
0 0.56015625 0.56796875 0.0359375 0.0578125
0 0.56015625 0.7 0.0375 0.075
0 0.4171875 0.5578125 0.040625 0.0375
0 0.734375 0.78125 0.0296875 0.0828125
0 0.99375 0.64140625 0.0125 0.0734375
0 0.80078125 0.559375 0.0296875 0.040625
0 0.69765625 0.56640625 0.0359375 0.0546875
0 0.753125 0.6328125 0.0328125 0.0828125
0 0.74921875 0.93359375 0.065625 0.1
0 0.821875 0.7578125 0.0203125 0.05
0 0.925 0.56875 0.028125 0.059375
0 0.359375 0.56171875 0.0625 0.0453125
0 0.71875 0.56015625 0.025 0.0421875
0 0.953125 0.659375 0.0546875 0.1546875