0 0.58671875 0.20390625 0.1265625 0.4078125
0 0.08671875 0.28359375 0.1734375 0.5671875
0 0.2546875 0.28359375 0.3125 0.5671875
0 0.459375 0.24765625 0.153125 0.4953125
0 0.03515625 0.284375 0.0703125 0.56875
0 0.66328125 0.5109375 0.0265625 0.115625
0 0.66015625 0.50546875 0.0203125 0.1265625
0 0.66171875 0.365625 0.0234375 0.159375
0 0.659375 0.42265625 0.01875 0.2921875
0 0.65859375 0.4234375 0.0171875 0.153125
0 0.75390625 0.45546875 0.0546875 0.175
0 0.75 0.3546875 0.025 0.0859375
0 0.68203125 0.35390625 0.0640625 0.2203125
0 0.6609375 0.3015625 0.021875 0.1625
0 0.6578125 0.23828125 0.015625 0.0859375
0 0.78984375 0.5453125 0.0328125 0.046875
0 0.99453125 0.44765625 0.0109375 0.2421875
0 0.97578125 0.45859375 0.0375 0.171875
0 0.83046875 0.42421875 0.0328125 0.134375
0 0.82734375 0.30859375 0.0390625 0.1421875
0 0.8640625 0.39609375 0.034375 0.134375
0 0.88203125 0.07109375 0.034375 0.1015625
0 0.94453125 0.21640625 0.0296875 0.0859375
0 0.94296875 0.3 0.028125 0.1140625
0 0.90703125 0.284375 0.034375 0.134375
0 0.7421875 0.1765625 0.021875 0.0640625
0 0.65703125 0.1671875 0.0140625 0.090625
0 0.7953125 0.26171875 0.03125 0.1359375
0 0.909375 0.53515625 0.046875 0.0671875
0 0.68203125 0.55390625 0.0328125 0.0296875
0 0.98046875 0.0375 0.0390625 0.075
0 0.325 0.78828125 0.65 0.4234375