0 0.03359375 0.1296875 0.0671875 0.259375
0 0.425 0.1296875 0.346875 0.259375
0 0.1328125 0.1296875 0.265625 0.259375
0 0.65 0.12109375 0.040625 0.2421875
0 0.6453125 0.13359375 0.03125 0.2515625
0 0.66484375 0.12890625 0.0625 0.2296875
0 0.6375 0.0875 0.015625 0.109375
0 0.6546875 0.10546875 0.05 0.1453125
0 0.78046875 0.12734375 0.0359375 0.096875
0 0.94140625 0.134375 0.0828125 0.165625
0 0.98671875 0.1625 0.0265625 0.1875
0 0.4625 0.75625 0.296875 0.3734375
0 0.52578125 0.6234375 0.0859375 0.084375
0 0.82265625 0.6296875 0.3546875 0.740625
0 0.67421875 0.8484375 0.0890625 0.303125