0 0.13671875 0.2953125 0.2734375 0.409375
0 0.39921875 0.30078125 0.2796875 0.3984375
0 0.03515625 0.3328125 0.0703125 0.334375
0 0.55234375 0.07734375 0.0265625 0.1546875
0 0.55234375 0.07421875 0.0265625 0.1484375
0 0.9375 0.16015625 0.084375 0.3203125
0 0.61640625 0.059375 0.0609375 0.11875
0 0.55625 0.075 0.034375 0.15
0 0.71796875 0.05859375 0.0765625 0.1171875
0 0.80234375 0.05390625 0.0515625 0.1078125
0 0.85546875 0.065625 0.0421875 0.13125
0 0.89140625 0.1375 0.034375 0.125
0 0.84375 0.16484375 0.0265625 0.1125
0 0.7984375 0.134375 0.0484375 0.184375
0 0.26953125 0.67734375 0.5390625 0.3546875
0 0.76953125 0.790625 0.4609375 0.41875