0 0.2328125 0.1796875 0.346875 0.359375
0 0.04921875 0.1796875 0.0984375 0.359375
0 0.96484375 0.128125 0.0703125 0.1375
0 0.58203125 0.10625 0.1 0.1953125
0 0.71484375 0.071875 0.0796875 0.14375
0 0.553125 0.02421875 0.05625 0.0484375
0 0.4875 0.215625 0.075 0.240625
0 0.47109375 0.12109375 0.0421875 0.1328125
0 0.46640625 0.05078125 0.0328125 0.1015625
0 0.48125 0.03125 0.0625 0.0625
0 0.90703125 0.0328125 0.0640625 0.065625
0 0.97578125 0.025 0.0484375 0.05
0 0.60078125 0.02421875 0.0484375 0.0484375
0 0.8125 0.05 0.09375 0.1
0 0.83984375 0.1796875 0.1421875 0.359375
0 0.96640625 0.1953125 0.0671875 0.328125
0 0.72421875 0.07890625 0.1328125 0.1578125
0 0.61796875 0.07109375 0.1078125 0.1421875
0 0.51953125 0.05859375 0.1234375 0.1171875
0 0.86171875 0.04453125 0.0671875 0.0890625
0 0.08671875 0.59296875 0.1734375 0.4671875
0 0.2859375 0.665625 0.328125 0.6125
0 0.575 0.68671875 0.25 0.6265625
0 0.64375 0.540625 0.0953125 0.1953125
0 0.81328125 0.67109375 0.2078125 0.4203125
0 0.975 0.5859375 0.05 0.13125