0 0.225 0.19609375 0.45 0.3921875
0 0.46640625 0.09765625 0.0328125 0.1953125
0 0.4609375 0.2171875 0.021875 0.10625
0 0.45546875 0.29296875 0.0109375 0.1140625
0 0.4640625 0.0890625 0.028125 0.178125
0 0.4609375 0.18359375 0.021875 0.1640625
0 0.4640625 0.240625 0.028125 0.221875
0 0.596875 0.03203125 0.0375 0.0640625
0 0.5125 0.096875 0.084375 0.19375
0 0.5796875 0.140625 0.04375 0.1828125
0 0.54609375 0.23125 0.021875 0.0765625
0 0.50234375 0.34375 0.034375 0.140625
0 0.4609375 0.215625 0.021875 0.1125
0 0.51796875 0.234375 0.0359375 0.0984375
0 0.46484375 0.328125 0.0296875 0.159375
0 0.46015625 0.375 0.0203125 0.159375
0 0.46328125 0.41328125 0.0265625 0.1328125
0 0.46484375 0.30390625 0.0296875 0.2734375
0 0.46015625 0.340625 0.0203125 0.121875
0 0.45859375 0.41015625 0.0171875 0.0953125
0 0.46015625 0.421875 0.0203125 0.146875
0 0.45546875 0.22109375 0.0109375 0.0859375
0 0.46171875 0.3578125 0.0234375 0.2125
0 0.45546875 0.465625 0.0109375 0.071875
0 0.45546875 0.428125 0.0109375 0.109375
0 0.45703125 0.48671875 0.0140625 0.1234375
0 0.4546875 0.47890625 0.009375 0.1046875
0 0.45546875 0.525 0.0109375 0.078125
0 0.45703125 0.51484375 0.0140625 0.1171875
0 0.45546875 0.55 0.0109375 0.065625
0 0.45703125 0.54765625 0.0140625 0.0890625
0 0.45703125 0.5953125 0.0140625 0.059375
0 0.45546875 0.59921875 0.0109375 0.0609375
0 0.45546875 0.58125 0.0109375 0.046875
0 0.4546875 0.6171875 0.009375 0.025
0 0.45390625 0.61484375 0.0078125 0.0296875
0 0.68515625 0.059375 0.0578125 0.11875
0 0.63125 0.0421875 0.0375 0.084375
0 0.62578125 0.121875 0.04375 0.11875
0 0.74140625 0.01875 0.0328125 0.0375
0 0.7859375 0.01171875 0.034375 0.0234375
0 0.771875 0.1203125 0.0484375 0.159375
0 0.7359375 0.1234375 0.0296875 0.121875
0 0.70703125 0.13125 0.034375 0.115625
0 0.6703125 0.18515625 0.03125 0.1078125
0 0.6125 0.27578125 0.0328125 0.1203125
0 0.57421875 0.29609375 0.034375 0.1046875
0 0.8125 0.05703125 0.03125 0.1140625
0 0.8421875 0.04765625 0.0234375 0.0828125
0 0.8953125 0.09921875 0.0765625 0.175
0 0.81875 0.14609375 0.025 0.1140625
0 0.8640625 0.1953125 0.046875 0.115625
0 0.7984375 0.28125 0.0484375 0.146875
0 0.70625 0.246875 0.0328125 0.1296875
0 0.7421875 0.234375 0.040625 0.10625
0 0.6703125 0.290625 0.0359375 0.1265625
0 0.634375 0.3421875 0.03125 0.109375
0 0.55625 0.36953125 0.05 0.121875
0 0.51484375 0.43671875 0.0390625 0.0890625
0 0.4640625 0.48984375 0.028125 0.1109375
0 0.45390625 0.58203125 0.0078125 0.0953125
0 0.96171875 0.03125 0.0265625 0.0625
0 0.915625 0.25390625 0.0453125 0.1234375
0 0.8640625 0.30390625 0.01875 0.0828125
0 0.83828125 0.3109375 0.0203125 0.0703125
0 0.7421875 0.33828125 0.034375 0.146875
0 0.70703125 0.35859375 0.0375 0.11875
0 0.965625 0.1671875 0.06875 0.1875
0 0.98828125 0.28359375 0.0234375 0.1546875
0 0.95390625 0.34296875 0.0484375 0.1390625
0 0.90703125 0.34453125 0.0265625 0.06875
0 0.79765625 0.53671875 0.040625 0.1484375
0 0.67109375 0.47734375 0.0234375 0.1
0 0.7203125 0.446875 0.03125 0.065625
0 0.73671875 0.52421875 0.034375 0.1
0 0.5515625 0.49140625 0.028125 0.090625
0 0.51640625 0.50859375 0.028125 0.0703125
0 0.45625 0.53828125 0.0125 0.0796875
0 0.459375 0.47265625 0.01875 0.1015625
0 0.47109375 0.45625 0.03125 0.084375
0 0.64296875 0.60859375 0.0234375 0.0421875
0 0.9953125 0.390625 0.009375 0.103125
0 0.9015625 0.60546875 0.025 0.0484375
0 0.8609375 0.453125 0.0390625 0.0984375
0 0.7984375 0.41953125 0.025 0.09375
0 0.77265625 0.4421875 0.028125 0.090625
0 0.95234375 0.4765625 0.0390625 0.0984375
0 0.64140625 0.5421875 0.0203125 0.078125
0 0.671875 0.57265625 0.01875 0.0671875
0 0.63984375 0.45625 0.0171875 0.059375
0 0.84453125 0.365625 0.0203125 0.0671875
0 0.8203125 0.39609375 0.028125 0.1296875
0 0.87890625 0.32890625 0.0234375 0.090625
0 0.91328125 0.4125 0.028125 0.09375
0 0.8453125 0.528125 0.0265625 0.0796875
0 0.82734375 0.53359375 0.0234375 0.0625
0 0.77109375 0.61171875 0.0234375 0.0359375
0 0.7375 0.6046875 0.025 0.05
0 0.9421875 0.57890625 0.0234375 0.0875
0 0.70625 0.58828125 0.034375 0.0828125
0 0.4546875 0.56875 0.009375 0.075
0 0.45390625 0.59921875 0.0078125 0.0609375
0 0.4734375 0.53125 0.0234375 0.0671875
0 0.49609375 0.54921875 0.0234375 0.071875
0 0.51484375 0.57578125 0.0234375 0.0640625
0 0.56015625 0.5609375 0.015625 0.053125
0 0.596875 0.51640625 0.028125 0.0703125
0 0.59375 0.44921875 0.0125 0.053125
0 0.45390625 0.56953125 0.0078125 0.0546875
0 0.45546875 0.5953125 0.0109375 0.06875
0 0.4546875 0.60703125 0.009375 0.0453125
0 0.453125 0.609375 0.00625 0.040625
0 0.45546875 0.5703125 0.0109375 0.075
0 0.46484375 0.60859375 0.0140625 0.0421875
0 0.98515625 0.496875 0.0234375 0.075
0 0.5875 0.6015625 0.0171875 0.053125
0 0.6015625 0.58125 0.0171875 0.040625
0 0.61796875 0.55234375 0.0203125 0.0578125
0 0.60703125 0.61015625 0.0203125 0.0390625
0 0.978125 0.621875 0.021875 0.015625
0 0.453125 0.59375 0.00625 0.0625
0 0.225 0.90234375 0.45 0.1953125
0 0.54453125 0.81484375 0.1890625 0.3703125