0 0.12421875 0.28046875 0.2484375 0.4578125
0 0.5625 0.2546875 0.296875 0.509375
0 0.44296875 0.0453125 0.0671875 0.090625
0 0.421875 0.03828125 0.025 0.0765625
0 0.4203125 0.02890625 0.021875 0.0578125
0 0.4171875 0.06328125 0.015625 0.0890625
0 0.415625 0.11015625 0.0125 0.1609375
0 0.42109375 0.16640625 0.0234375 0.0578125
0 0.42265625 0.1078125 0.0265625 0.075
0 0.16484375 0.896875 0.1140625 0.20625
0 0.28125 0.946875 0.040625 0.10625
0 0.065625 0.8984375 0.128125 0.203125
0 0.34296875 0.94609375 0.0203125 0.1078125
0 0.36640625 0.96875 0.0171875 0.0625
0 0.3890625 0.96640625 0.01875 0.0671875
0 0.40078125 0.95234375 0.0171875 0.0953125
0 0.70234375 0.721875 0.3421875 0.425