0 0.26328125 0.29140625 0.1359375 0.5359375
0 0.21015625 0.2578125 0.0640625 0.3140625
0 0.13125 0.3125 0.121875 0.49375
0 0.03359375 0.3546875 0.0671875 0.409375
0 0.0140625 0.20078125 0.028125 0.3046875
0 0.025 0.23515625 0.05 0.3546875
0 0.040625 0.2375 0.08125 0.475
0 0.63046875 0.4796875 0.1578125 0.159375
0 0.446875 0.5046875 0.09375 0.109375
0 0.4734375 0.3453125 0.0546875 0.2234375
0 0.52109375 0.38984375 0.0609375 0.3390625
0 0.55546875 0.33203125 0.0375 0.1296875
0 0.5828125 0.34375 0.0328125 0.1203125
0 0.62734375 0.33671875 0.0421875 0.1125
0 0.66171875 0.309375 0.040625 0.1875
0 0.73203125 0.33515625 0.078125 0.4046875
0 0.7765625 0.3515625 0.0671875 0.31875
0 0.84296875 0.390625 0.0734375 0.3375
0 0.96875 0.53046875 0.059375 0.0578125
0 0.92734375 0.28203125 0.071875 0.3734375
0 0.97109375 0.27890625 0.0578125 0.3953125
0 0.515625 0.7796875 0.23125 0.440625
0 0.909375 0.6046875 0.14375 0.090625
0 0.7 0.59921875 0.071875 0.0796875
0 0.4109375 0.58984375 0.021875 0.0609375
0 0.78203125 0.59765625 0.0984375 0.0765625