0 0.08203125 0.1765625 0.1640625 0.353125
0 0.24140625 0.1671875 0.1359375 0.334375
0 0.29453125 0.078125 0.0640625 0.15625
0 0.3734375 0.19453125 0.121875 0.3890625
0 0.48515625 0.13984375 0.0953125 0.2796875
0 0.596875 0.13203125 0.125 0.2640625
0 0.8296875 0.19609375 0.340625 0.3921875
0 0.76328125 0.1640625 0.2078125 0.328125
0 0.04453125 0.52734375 0.0890625 0.1546875
0 0.05 0.525 0.1 0.15
0 0.03359375 0.67890625 0.0671875 0.1921875
0 0.03046875 0.64296875 0.0609375 0.2171875
0 0.2953125 0.69296875 0.178125 0.3453125
0 0.50390625 0.51640625 0.1703125 0.1328125
0 0.48671875 0.61171875 0.1765625 0.3234375
0 0.02890625 0.8671875 0.0578125 0.234375
0 0.42578125 0.82578125 0.0640625 0.1765625
0 0.534375 0.840625 0.096875 0.1828125
0 0.39921875 0.92421875 0.1046875 0.1515625
0 0.48671875 0.95625 0.0609375 0.0875
0 0.615625 0.87890625 0.0515625 0.2296875