0 0.26953125 0.25 0.5390625 0.5
0 0.49453125 0.315625 0.0890625 0.36875
0 0.71328125 0.38046875 0.3203125 0.2390625
0 0.4484375 0.696875 0.18125 0.39375
0 0.9515625 0.6796875 0.0515625 0.1375
0 0.7578125 0.6 0.10625 0.2
0 0.56171875 0.6578125 0.0453125 0.146875
0 0.61484375 0.80703125 0.09375 0.271875
0 0.67421875 0.7953125 0.0984375 0.2140625
0 0.79140625 0.76015625 0.09375 0.178125
0 0.86015625 0.72265625 0.0625 0.184375
0 0.559375 0.83671875 0.040625 0.1015625
0 0.93828125 0.84296875 0.0453125 0.059375
0 0.89921875 0.86953125 0.028125 0.0625
0 0.82578125 0.86796875 0.0359375 0.046875
0 0.73125 0.8921875 0.03125 0.065625
0 0.753125 0.909375 0.01875 0.034375
0 0.56484375 0.921875 0.0390625 0.0703125
0 0.55546875 0.83515625 0.0328125 0.1359375
0 0.56953125 0.8546875 0.0609375 0.190625