0 0.25234375 0.26484375 0.5046875 0.5296875
0 0.459375 0.35625 0.159375 0.346875
0 0.62890625 0.2296875 0.1515625 0.184375
0 0.26953125 0.76484375 0.5390625 0.4703125
0 0.8953125 0.55078125 0.0375 0.0421875
0 0.96875 0.58359375 0.0625 0.1078125
0 0.9140625 0.575 0.04375 0.090625
0 0.946875 0.5484375 0.021875 0.0375
0 0.98671875 0.58671875 0.0265625 0.1140625
0 0.97578125 0.55390625 0.0359375 0.0484375
0 0.80859375 0.5640625 0.0578125 0.06875
0 0.8609375 0.55546875 0.0375 0.0515625
0 0.8671875 0.559375 0.04375 0.059375
0 0.75234375 0.54453125 0.0328125 0.0296875
0 0.7078125 0.540625 0.034375 0.021875
0 0.72109375 0.56953125 0.0484375 0.0796875
0 0.75703125 0.56015625 0.0296875 0.0609375
0 0.78671875 0.55859375 0.0328125 0.0578125
0 0.8234375 0.55625 0.03125 0.053125
0 0.88046875 0.559375 0.0328125 0.059375
0 0.91875 0.55546875 0.034375 0.0515625
0 0.6796875 0.55859375 0.03125 0.0578125
0 0.65078125 0.55 0.0234375 0.040625
0 0.59765625 0.5734375 0.0765625 0.0875
0 0.675 0.5578125 0.025 0.05625
0 0.6296875 0.55859375 0.046875 0.0578125
0 0.69453125 0.56640625 0.0484375 0.0734375
0 0.78671875 0.56171875 0.0328125 0.0640625
0 0.75078125 0.55625 0.0390625 0.053125
0 0.82265625 0.5609375 0.0359375 0.0625
0 0.859375 0.578125 0.03125 0.096875
0 0.9375 0.59921875 0.05 0.121875
0 0.97890625 0.66640625 0.0390625 0.0890625
0 0.5515625 0.56796875 0.025 0.0765625
0 0.54375 0.54375 0.009375 0.028125
0 0.5453125 0.55 0.0125 0.040625
0 0.57734375 0.56015625 0.0453125 0.0609375
0 0.6296875 0.55234375 0.01875 0.0453125
0 0.6546875 0.55234375 0.021875 0.0453125
0 0.75078125 0.58515625 0.0328125 0.1109375
0 0.7859375 0.58828125 0.0375 0.1171875
0 0.56015625 0.5765625 0.0421875 0.09375
0 0.54921875 0.5515625 0.0203125 0.04375
0 0.55234375 0.56796875 0.0265625 0.0765625
0 0.54609375 0.5609375 0.0140625 0.0625
0 0.5515625 0.5859375 0.025 0.1125
0 0.58671875 0.57421875 0.0265625 0.06875
0 0.69609375 0.76640625 0.040625 0.1484375
0 0.82265625 0.70703125 0.0234375 0.1
0 0.7734375 0.6765625 0.03125 0.065625
0 0.75703125 0.75390625 0.034375 0.1
0 0.9421875 0.72109375 0.028125 0.090625
0 0.97734375 0.73828125 0.028125 0.0703125
0 0.85 0.85703125 0.0234375 0.0796875
0 0.86875 0.8953125 0.0203125 0.05625
0 0.54921875 0.6203125 0.0203125 0.103125
0 0.59140625 0.8625 0.025 0.103125
0 0.6328125 0.6828125 0.0390625 0.0984375
0 0.6953125 0.64921875 0.025 0.09375
0 0.72109375 0.671875 0.028125 0.090625
0 0.55 0.70546875 0.021875 0.0984375
0 0.55078125 0.60546875 0.0234375 0.1515625
0 0.546875 0.8546875 0.015625 0.06875
0 0.54453125 0.921875 0.0109375 0.078125
0 0.82265625 0.89140625 0.015625 0.0671875
0 0.85234375 0.771875 0.021875 0.078125
0 0.821875 0.80234375 0.01875 0.0671875
0 0.85390625 0.6859375 0.0171875 0.059375
0 0.64921875 0.5953125 0.0203125 0.0671875
0 0.6734375 0.62578125 0.028125 0.1296875
0 0.61484375 0.56640625 0.0234375 0.0734375
0 0.58046875 0.6421875 0.028125 0.09375
0 0.6484375 0.7578125 0.0265625 0.0796875
0 0.66640625 0.76328125 0.0234375 0.0625
0 0.64921875 0.88984375 0.0265625 0.059375
0 0.72265625 0.86015625 0.0234375 0.0734375
0 0.75546875 0.8515625 0.025 0.0828125
0 0.5515625 0.80859375 0.0234375 0.0875
0 0.984375 0.9171875 0.015625 0.0578125
0 0.93671875 0.90078125 0.0203125 0.065625
0 0.7875 0.82734375 0.034375 0.1
0 0.99296875 0.778125 0.0140625 0.071875
0 0.97890625 0.80546875 0.0234375 0.0640625
0 0.93359375 0.790625 0.015625 0.053125
0 0.896875 0.74609375 0.028125 0.0703125
0 0.9 0.67890625 0.0140625 0.053125
0 0.54765625 0.696875 0.0171875 0.071875
0 0.54453125 0.7265625 0.0109375 0.075
0 0.90625 0.83125 0.0171875 0.053125
0 0.8921875 0.8109375 0.0171875 0.040625
0 0.87578125 0.78203125 0.021875 0.0578125
0 0.88671875 0.8546875 0.0203125 0.06875
0 0.9671875 0.96953125 0.0125 0.053125
0 0.85 0.93671875 0.01875 0.0734375
0 0.86640625 0.95 0.0171875 0.0609375
0 0.54453125 0.8734375 0.0109375 0.059375
0 0.79140625 0.94765625 0.01875 0.0765625