0 0.21015625 0.271875 0.4203125 0.475
0 0.934375 0.49453125 0.03125 0.0296875
0 0.959375 0.490625 0.021875 0.0375
0 0.975 0.4515625 0.028125 0.0609375
0 0.86640625 0.44609375 0.0265625 0.059375
0 0.8796875 0.3859375 0.028125 0.0703125
0 0.80703125 0.46015625 0.0265625 0.0609375
0 0.7421875 0.5015625 0.025 0.015625
0 0.70703125 0.49140625 0.0453125 0.0359375
0 0.775 0.4640625 0.034375 0.090625
0 0.74296875 0.459375 0.028125 0.0546875
0 0.75 0.4078125 0.034375 0.053125
0 0.63671875 0.48359375 0.0359375 0.0515625
0 0.60703125 0.4484375 0.028125 0.046875
0 0.578125 0.425 0.03125 0.090625
0 0.65390625 0.36875 0.0359375 0.0640625
0 0.43203125 0.771875 0.0921875 0.221875
0 0.40625 0.590625 0.0671875 0.1515625
0 0.42890625 0.934375 0.0703125 0.13125
0 0.51171875 0.7640625 0.0546875 0.16875
0 0.221875 0.58203125 0.134375 0.1453125
0 0.49609375 0.95703125 0.0609375 0.0859375
0 0.1703125 0.76875 0.0890625 0.2671875
0 0.3015625 0.81875 0.103125 0.3625
0 0.478125 0.5625 0.084375 0.10625
0 0.09296875 0.73203125 0.0625 0.2046875
0 0.53046875 0.92890625 0.0171875 0.1421875
0 0.50078125 0.64453125 0.0765625 0.2234375
0 0.15625 0.9046875 0.11875 0.190625
0 0.034375 0.87890625 0.06875 0.2421875
0 0.05 0.60078125 0.1 0.1828125
0 0.64296875 0.7546875 0.1953125 0.490625