0 0.19765625 0.25 0.3953125 0.5
0 0.52578125 0.33359375 0.1140625 0.3328125
0 0.5203125 0.09140625 0.103125 0.1828125
0 0.7078125 0.090625 0.184375 0.18125
0 0.93046875 0.38359375 0.1390625 0.2328125
0 0.71328125 0.3421875 0.2390625 0.315625
0 0.91640625 0.10234375 0.1671875 0.2046875
0 0.50078125 0.3390625 0.0640625 0.321875
0 0.503125 0.09609375 0.06875 0.1921875
0 0.51875 0.3515625 0.1 0.296875
0 0.48984375 0.09765625 0.0421875 0.1953125
0 0.44453125 0.521875 0.0484375 0.04375
0 0.45625 0.5515625 0.025 0.103125
0 0.446875 0.52421875 0.04375 0.0484375
0 0.31328125 0.8203125 0.046875 0.0859375
0 0.4203125 0.821875 0.0515625 0.0734375
0 0.31328125 0.671875 0.0453125 0.0734375
0 0.3859375 0.9078125 0.0765625 0.0859375
0 0.37109375 0.53046875 0.0796875 0.0609375