0 0.13828125 0.21484375 0.2765625 0.4296875
0 0.16640625 0.23046875 0.2453125 0.3984375
0 0.3578125 0.21484375 0.19375 0.4296875
0 0.59296875 0.321875 0.1515625 0.215625
0 0.46875 0.2890625 0.14375 0.28125
0 0.76953125 0.21328125 0.2015625 0.4265625
0 0.70859375 0.05859375 0.0796875 0.1171875
0 0.94453125 0.184375 0.1109375 0.18125
0 0.9109375 0.084375 0.0515625 0.0796875
0 0.95 0.09296875 0.04375 0.059375
0 0.978125 0.0578125 0.0328125 0.0890625
0 0.9765625 0.0140625 0.046875 0.028125
0 0.9296875 0.02578125 0.053125 0.0515625
0 0.18828125 0.73828125 0.3765625 0.5234375
0 0.86640625 0.6390625 0.2671875 0.41875
0 0.78671875 0.646875 0.2359375 0.43125