0 0.053125 0.296875 0.10625 0.59375
0 0.14375 0.28046875 0.20625 0.5609375
0 0.33984375 0.30859375 0.2796875 0.6171875
0 0.65 0.078125 0.084375 0.15625
0 0.559375 0.04296875 0.084375 0.0859375
0 0.90625 0.1390625 0.04375 0.109375
0 0.725 0.05859375 0.059375 0.1171875
0 0.87734375 0.20078125 0.0515625 0.1171875
0 0.8046875 0.58515625 0.0375 0.0671875
0 0.75390625 0.3078125 0.04375 0.09375
0 0.99453125 0.1 0.0109375 0.075
0 0.746875 0.16171875 0.0421875 0.09375
0 0.96953125 0.02421875 0.0609375 0.0484375
0 0.509375 0.03828125 0.059375 0.0765625
0 0.746875 0.05234375 0.121875 0.1046875
0 0.66015625 0.21171875 0.0421875 0.109375
0 0.95703125 0.2328125 0.0421875 0.08125
0 0.63359375 0.03359375 0.0859375 0.0671875
0 0.89453125 0.0265625 0.0609375 0.053125
0 0.690625 0.27109375 0.034375 0.071875
0 0.82421875 0.05546875 0.0578125 0.1109375
0 0.63203125 0.25625 0.0390625 0.1046875
0 0.86953125 0.3109375 0.0421875 0.10625
0 0.8828125 0.0546875 0.08125 0.109375
0 0.734375 0.53125 0.0375 0.134375
0 0.721875 0.40859375 0.046875 0.1265625
0 0.9359375 0.3203125 0.0484375 0.103125
0 0.95625 0.140625 0.053125 0.1046875
0 0.496875 0.228125 0.034375 0.21875
0 0.80078125 0.30859375 0.0515625 0.10625
0 0.49609375 0.59375 0.0328125 0.05
0 0.77734375 0.0984375 0.053125 0.128125
0 0.98984375 0.49375 0.0203125 0.078125
0 0.9890625 0.434375 0.021875 0.075
0 0.63203125 0.340625 0.0328125 0.090625
0 0.88984375 0.36875 0.040625 0.1109375
0 0.91953125 0.4640625 0.034375 0.0734375
0 0.98828125 0.35234375 0.0234375 0.1015625
0 0.93203125 0.596875 0.0359375 0.04375
0 0.85234375 0.584375 0.0421875 0.06875
0 0.9734375 0.03828125 0.053125 0.0765625
0 0.70625 0.3109375 0.0296875 0.075
0 0.57890625 0.49140625 0.0375 0.06875
0 0.490625 0.57109375 0.021875 0.0765625
0 0.575 0.1703125 0.08125 0.2296875
0 0.87421875 0.48203125 0.0421875 0.125
0 0.4984375 0.2859375 0.0375 0.209375
0 0.49375 0.46171875 0.028125 0.1296875
0 0.57578125 0.3453125 0.046875 0.1203125
0 0.13515625 0.840625 0.2703125 0.31875
0 0.69765625 0.809375 0.4359375 0.38125