0 0.2046875 0.42734375 0.409375 0.2453125
0 0.8046875 0.2578125 0.390625 0.45625
0 0.16875 0.89765625 0.0390625 0.1296875
0 0.22890625 0.6234375 0.03125 0.103125
0 0.34921875 0.85703125 0.03125 0.096875
0 0.1171875 0.6625 0.034375 0.1265625
0 0.06640625 0.678125 0.053125 0.1921875
0 0.21953125 0.809375 0.0375 0.153125
0 0.3359375 0.75234375 0.0359375 0.1375
0 0.0078125 0.9015625 0.015625 0.125
0 0.00859375 0.59453125 0.0171875 0.0890625
0 0.2828125 0.88203125 0.0265625 0.1
0 0.03671875 0.9859375 0.0203125 0.028125
0 0.0046875 0.80625 0.009375 0.04375
0 0.01484375 0.70859375 0.0296875 0.1546875
0 0.39140625 0.81796875 0.0359375 0.1296875
0 0.26015625 0.77109375 0.04375 0.14375
0 0.00859375 0.5953125 0.0171875 0.090625
0 0.38984375 0.95625 0.0359375 0.0875
0 0.01953125 0.58515625 0.0359375 0.0703125
0 0.0515625 0.5640625 0.05625 0.028125
0 0.3015625 0.8125 0.0328125 0.15625
0 0.07734375 0.871875 0.025 0.1171875
0 0.1859375 0.66875 0.215625 0.2375
0 0.35703125 0.625 0.0578125 0.15
0 0.3890625 0.59765625 0.0375 0.0953125
0 0.3234375 0.6171875 0.053125 0.134375
0 0.38125 0.65390625 0.05625 0.2078125
0 0.0109375 0.76875 0.021875 0.1875
0 0.0078125 0.86015625 0.015625 0.1015625
0 0.0078125 0.96796875 0.015625 0.0640625
0 0.03984375 0.9109375 0.0484375 0.13125
0 0.7609375 0.79609375 0.478125 0.4078125