0 0.778125 0.1328125 0.44375 0.265625
0 0.0390625 0.928125 0.078125 0.14375
0 0.01328125 0.80078125 0.0265625 0.2234375
0 0.01484375 0.83828125 0.0296875 0.3234375
0 0.009375 0.78828125 0.01875 0.1296875
0 0.0078125 0.79921875 0.015625 0.1203125
0 0.01015625 0.7921875 0.0203125 0.1125
0 0.01015625 0.765625 0.0203125 0.1875
0 0.02578125 0.79140625 0.0515625 0.4046875
0 0.0578125 0.8078125 0.0671875 0.31875
0 0.12421875 0.8390625 0.0734375 0.321875
0 0.25 0.97890625 0.059375 0.0421875
0 0.20859375 0.73828125 0.071875 0.3734375
0 0.25546875 0.7359375 0.0625 0.3953125
0 0.30390625 0.79765625 0.071875 0.38125
0 0.371875 0.86953125 0.071875 0.2609375
0 0.471875 0.7828125 0.134375 0.434375
0 0.7890625 0.63515625 0.3625 0.7296875
0 0.57734375 0.428125 0.0546875 0.128125