0 0.20078125 0.19453125 0.3421875 0.3890625
0 0.75859375 0.19453125 0.4828125 0.3890625
0 0.19765625 0.61640625 0.03125 0.08125
0 0.3015625 0.8890625 0.0515625 0.175
0 0.0140625 0.584375 0.028125 0.115625
0 0.00625 0.52421875 0.0125 0.0609375
0 0.453125 0.5671875 0.0125 0.075
0 0.2171875 0.76484375 0.0375 0.1140625
0 0.2828125 0.5390625 0.015625 0.0390625
0 0.0671875 0.775 0.04375 0.13125
0 0.0984375 0.8703125 0.065625 0.259375
0 0.34296875 0.62734375 0.0203125 0.0484375
0 0.3296875 0.66015625 0.021875 0.053125
0 0.4375 0.5453125 0.01875 0.0484375
0 0.171875 0.69453125 0.028125 0.0671875
0 0.41015625 0.5453125 0.01875 0.0484375
0 0.00546875 0.603125 0.0109375 0.0625
0 0.2109375 0.9109375 0.084375 0.178125
0 0.4078125 0.96171875 0.025 0.0765625
0 0.353125 0.9609375 0.04375 0.078125
0 0.4484375 0.8171875 0.021875 0.171875
0 0.35234375 0.890625 0.0359375 0.065625
0 0.33828125 0.7328125 0.0421875 0.0921875
0 0.25546875 0.67890625 0.04375 0.140625
0 0.13515625 0.72578125 0.04375 0.09375
0 0.01875 0.7296875 0.034375 0.15625
0 0.1625 0.559375 0.0328125 0.14375
0 0.01171875 0.60859375 0.0234375 0.1390625
0 0.0109375 0.53984375 0.021875 0.1453125
0 0.00703125 0.5359375 0.0140625 0.115625
0 0.36328125 0.49140625 0.025 0.075
0 0.32265625 0.61015625 0.0234375 0.059375
0 0.390625 0.72578125 0.0234375 0.075
0 0.38125 0.79375 0.0328125 0.059375
0 0.340625 0.81640625 0.0234375 0.0734375
0 0.43359375 0.7625 0.0328125 0.0953125
0 0.284375 0.771875 0.06875 0.0890625
0 0.17265625 0.81796875 0.0421875 0.071875
0 0.12265625 0.478125 0.0265625 0.0625
0 0.3078125 0.5328125 0.015625 0.04375
0 0.38515625 0.84765625 0.0375 0.0796875
0 0.00703125 0.559375 0.0140625 0.071875
0 0.0671875 0.65625 0.0203125 0.0390625
0 0.07421875 0.49609375 0.0265625 0.075
0 0.80390625 0.83359375 0.3921875 0.3328125