0 0.27578125 0.27890625 0.4078125 0.4203125
0 0.06875 0.24453125 0.1375 0.4890625
0 0.4796875 0.28515625 0.1 0.4078125
0 0.0171875 0.1859375 0.034375 0.33125
0 0.01484375 0.1859375 0.0296875 0.309375
0 0.57109375 0.24453125 0.0828125 0.4890625
0 0.54609375 0.296875 0.0328125 0.384375
0 0.5671875 0.24453125 0.075 0.4890625
0 0.53828125 0.33203125 0.0171875 0.3140625
0 0.55234375 0.4140625 0.0296875 0.15
0 0.6109375 0.3765625 0.084375 0.225
0 0.709375 0.24453125 0.15625 0.4890625
0 0.928125 0.24453125 0.14375 0.4890625
0 0.8640625 0.359375 0.08125 0.259375
0 0.81171875 0.3890625 0.0578125 0.2
0 0.93203125 0.24453125 0.1359375 0.4890625
0 0.0890625 0.58984375 0.178125 0.2015625
0 0.690625 0.8921875 0.321875 0.215625