0 0.184375 0.33203125 0.36875 0.6640625
0 0.79921875 0.571875 0.4015625 0.19375
0 0.09296875 0.70390625 0.1859375 0.0703125
0 0.6671875 0.965625 0.059375 0.06875
0 0.71484375 0.9796875 0.0421875 0.040625
0 0.76484375 0.98046875 0.0578125 0.0390625
0 0.8203125 0.971875 0.04375 0.05625
0 0.7046875 0.70234375 0.065625 0.0671875
0 0.76875 0.69921875 0.04375 0.0609375
0 0.81640625 0.69453125 0.0421875 0.0515625
0 0.9328125 0.7046875 0.053125 0.071875
0 0.98125 0.71953125 0.0375 0.1015625
0 0.8703125 0.71640625 0.0625 0.0953125
0 0.9296875 0.72421875 0.05 0.1109375
0 0.971875 0.86015625 0.05625 0.1671875
0 0.95078125 0.9453125 0.0390625 0.109375
0 0.896875 0.88125 0.0703125 0.159375
0 0.81875 0.83203125 0.0625 0.2265625
0 0.715625 0.703125 0.0375 0.06875
0 0.47265625 0.69765625 0.0671875 0.0578125
0 0.4015625 0.7453125 0.065625 0.153125
0 0.5140625 0.72578125 0.046875 0.1140625
0 0.65 0.7609375 0.065625 0.184375
0 0.57578125 0.74296875 0.0671875 0.1484375
0 0.5765625 0.69453125 0.03125 0.0515625
0 0.52890625 0.86015625 0.059375 0.15
0 0.596875 0.89375 0.059375 0.1734375
0 0.6515625 0.86953125 0.0546875 0.140625
0 0.7046875 0.83515625 0.0484375 0.1890625
0 0.74296875 0.85859375 0.040625 0.209375
0 0.38359375 0.6890625 0.0296875 0.040625
0 0.43203125 0.8828125 0.04375 0.1859375
0 0.56328125 0.95390625 0.0390625 0.0921875
0 0.47578125 0.90625 0.0484375 0.1734375
0 0.384375 0.91015625 0.03125 0.1546875
0 0.38125 0.9265625 0.025 0.128125
0 0.37890625 0.9890625 0.0203125 0.021875
0 0.875 0.96953125 0.04375 0.0609375