0 0.2546875 0.20546875 0.26875 0.4109375
0 0.68203125 0.2390625 0.0921875 0.221875
0 0.65546875 0.06640625 0.0671875 0.1328125
0 0.46328125 0.55 0.0609375 0.11875
0 0.67890625 0.4609375 0.0703125 0.25
0 0.9671875 0.24765625 0.065625 0.2203125
0 0.7765625 0.23203125 0.0828125 0.16875
0 0.471875 0.0609375 0.134375 0.121875
0 0.74609375 0.4953125 0.0609375 0.228125
0 0.4265625 0.23515625 0.075 0.2671875
0 0.5515625 0.30234375 0.103125 0.3953125
0 0.728125 0.04140625 0.084375 0.0828125
0 0.83203125 0.32421875 0.05625 0.128125
0 0.4046875 0.19921875 0.03125 0.2046875
0 0.496875 0.54609375 0.084375 0.1265625
0 0.80078125 0.42578125 0.0578125 0.2015625
0 0.88046875 0.46875 0.0609375 0.2734375
0 0.759375 0.11171875 0.0921875 0.2234375
0 0.42734375 0.40625 0.0765625 0.259375
0 0.5765625 0.5328125 0.09375 0.153125
0 0.4234375 0.37265625 0.06875 0.2953125
0 0.83984375 0.01328125 0.0890625 0.0265625
0 0.43125 0.0796875 0.084375 0.159375
0 0.98203125 0.5796875 0.0359375 0.059375
0 0.91015625 0.11484375 0.05625 0.2046875
0 0.84921875 0.1546875 0.0640625 0.2671875
0 0.05390625 0.7890625 0.1078125 0.359375
0 0.2359375 0.8046875 0.30625 0.390625
0 0.496875 0.8046875 0.215625 0.390625