0 0.11015625 0.30390625 0.2203125 0.3109375
0 0.82578125 0.3421875 0.2734375 0.234375
0 0.23046875 0.62890625 0.03125 0.08125
0 0.334375 0.9015625 0.0515625 0.175
0 0.0140625 0.596875 0.028125 0.115625
0 0.00625 0.53671875 0.0125 0.0609375
0 0.25 0.77734375 0.0375 0.115625
0 0.315625 0.5515625 0.015625 0.0390625
0 0.1 0.7875 0.04375 0.13125
0 0.13125 0.8765625 0.065625 0.246875
0 0.36015625 0.671875 0.0171875 0.053125
0 0.2046875 0.70703125 0.028125 0.0671875
0 0.00546875 0.615625 0.0109375 0.0625
0 0.24375 0.9171875 0.084375 0.165625
0 0.359375 0.74453125 0.01875 0.0921875
0 0.28828125 0.69140625 0.04375 0.140625
0 0.16796875 0.73828125 0.04375 0.09375
0 0.0515625 0.7421875 0.034375 0.15625
0 0.1953125 0.571875 0.034375 0.14375
0 0.01171875 0.62109375 0.0234375 0.1390625
0 0.0109375 0.55234375 0.021875 0.1453125
0 0.00703125 0.5484375 0.0140625 0.115625
0 0.35546875 0.62265625 0.025 0.059375
0 0.36484375 0.82890625 0.0078125 0.0734375
0 0.3171875 0.784375 0.06875 0.0890625
0 0.20546875 0.83046875 0.0421875 0.071875
0 0.15546875 0.490625 0.0265625 0.0625
0 0.340625 0.5453125 0.015625 0.04375
0 0.01796875 0.57265625 0.0296875 0.071875
0 0.1 0.66875 0.0203125 0.0390625
0 0.10703125 0.50859375 0.0265625 0.075
0 0.684375 0.7296875 0.63125 0.540625