0 0.3234375 0.43359375 0.4125 0.4703125
0 0.75234375 0.3625 0.3828125 0.228125
0 0.76171875 0.60625 0.3953125 0.125
0 0.23359375 0.90078125 0.03125 0.08125
0 0.0140625 0.86875 0.028125 0.115625
0 0.00625 0.80859375 0.0125 0.0609375
0 0.496875 0.85234375 0.0265625 0.0765625
0 0.31875 0.8234375 0.015625 0.0390625
0 0.37890625 0.91171875 0.0203125 0.0484375
0 0.365625 0.94453125 0.021875 0.053125
0 0.4734375 0.8296875 0.01875 0.0484375
0 0.20703125 0.97265625 0.0265625 0.0546875
0 0.44609375 0.8296875 0.01875 0.0484375
0 0.00546875 0.8875 0.0109375 0.0625
0 0.37421875 0.98515625 0.0421875 0.0296875
0 0.290625 0.94609375 0.04375 0.1078125
0 0.1703125 0.98125 0.04375 0.0375
0 0.0546875 0.96796875 0.034375 0.0640625
0 0.1984375 0.84375 0.034375 0.14375
0 0.01171875 0.89296875 0.0234375 0.1390625
0 0.0109375 0.82421875 0.021875 0.1453125
0 0.00703125 0.8203125 0.0140625 0.115625
0 0.52265625 0.83203125 0.0140625 0.0890625
0 0.39921875 0.77578125 0.025 0.075
0 0.35859375 0.89453125 0.0234375 0.059375
0 0.42578125 0.9859375 0.0234375 0.028125
0 0.15859375 0.7625 0.0265625 0.0625
0 0.34375 0.8171875 0.015625 0.0453125
0 0.02109375 0.84453125 0.0296875 0.071875
0 0.103125 0.940625 0.0203125 0.0390625
0 0.11015625 0.78046875 0.0265625 0.075
0 0.79765625 0.875 0.0703125 0.25
0 0.60078125 0.834375 0.1015625 0.33125