0 0.2390625 0.3546875 0.221875 0.26875
0 0.85234375 0.24453125 0.2953125 0.4890625
0 0.0953125 0.7578125 0.190625 0.484375
0 0.28828125 0.72109375 0.1234375 0.4515625
0 0.03828125 0.728125 0.0765625 0.190625
0 0.03671875 0.70078125 0.0734375 0.1984375
0 0.95546875 0.7890625 0.0546875 0.284375
0 0.890625 0.79765625 0.0546875 0.290625
0 0.39140625 0.72421875 0.0828125 0.4703125
0 0.7125 0.81328125 0.059375 0.2375
0 0.82578125 0.79921875 0.06875 0.296875
0 0.61171875 0.81796875 0.075 0.2359375
0 0.37421875 0.74453125 0.0484375 0.4703125
0 0.36796875 0.7703125 0.0359375 0.38125
0 0.36953125 0.74453125 0.0390625 0.4671875
0 0.52734375 0.85234375 0.053125 0.215625
0 0.47421875 0.8109375 0.0421875 0.2625
0 0.43828125 0.6640625 0.0328125 0.125
0 0.4859375 0.63671875 0.0265625 0.1109375
0 0.53125 0.6671875 0.0484375 0.184375