0 0.1453125 0.22109375 0.290625 0.4203125
0 0.5859375 0.2828125 0.134375 0.36875
0 0.23828125 0.809375 0.4765625 0.38125
0 0.8453125 0.65546875 0.09375 0.0734375
0 0.89296875 0.66796875 0.1265625 0.0984375
0 0.54296875 0.76875 0.0484375 0.13125
0 0.7859375 0.6859375 0.0671875 0.1328125
0 0.95625 0.66875 0.0875 0.1
0 0.56015625 0.65078125 0.0828125 0.0640625
0 0.64921875 0.97265625 0.0390625 0.0546875
0 0.7765625 0.98203125 0.046875 0.0359375
0 0.68125 0.6515625 0.090625 0.065625
0 0.53359375 0.69453125 0.0296875 0.1234375
0 0.6140625 0.6546875 0.090625 0.071875
0 0.53125 0.896875 0.025 0.13125
0 0.52890625 0.8671875 0.0203125 0.084375
0 0.8671875 0.91484375 0.0578125 0.1015625
0 0.5375 0.6515625 0.0375 0.065625
0 0.82421875 0.85859375 0.0640625 0.1421875
0 0.53671875 0.634375 0.0359375 0.03125
0 0.52734375 0.640625 0.0171875 0.04375
0 0.63125 0.63828125 0.0875 0.0390625
0 0.82890625 0.7390625 0.04375 0.1
0 0.5296875 0.93984375 0.021875 0.1046875
0 0.53515625 0.6703125 0.0328125 0.103125
0 0.65625 0.71953125 0.0546875 0.1265625
0 0.52578125 0.7328125 0.0140625 0.084375
0 0.73671875 0.6625 0.0828125 0.0875
0 0.74375 0.75390625 0.0625 0.14375
0 0.575 0.76875 0.0234375 0.075
0 0.67578125 0.63671875 0.0421875 0.0359375
0 0.8515625 0.9734375 0.065625 0.053125
0 0.98125 0.765625 0.0375 0.153125
0 0.5390625 0.74453125 0.040625 0.1296875
0 0.53125 0.6390625 0.025 0.040625
0 0.77734375 0.934375 0.0375 0.075
0 0.528125 0.965625 0.01875 0.06875
0 0.603125 0.853125 0.0296875 0.084375
0 0.5265625 0.97734375 0.015625 0.0453125
0 0.58359375 0.9796875 0.0328125 0.040625
0 0.58828125 0.70078125 0.065625 0.1
0 0.77265625 0.64453125 0.0796875 0.0515625
0 0.5234375 0.8765625 0.009375 0.05
0 0.52578125 0.634375 0.0140625 0.03125
0 0.54140625 0.6671875 0.0453125 0.096875
0 0.53203125 0.9484375 0.0265625 0.103125