0 0.28984375 0.38046875 0.5796875 0.6578125
0 0.78984375 0.3546875 0.4203125 0.709375
0 0.546875 0.82890625 0.065625 0.1734375
0 0.42265625 0.93359375 0.0546875 0.1328125
0 0.53828125 0.95703125 0.0359375 0.0859375
0 0.56640625 0.95234375 0.0265625 0.0953125
0 0.503125 0.96484375 0.04375 0.0703125
0 0.2703125 0.9640625 0.040625 0.071875
0 0.375 0.978125 0.046875 0.04375
0 0.30078125 0.97109375 0.0328125 0.0578125
0 0.596875 0.8546875 0.034375 0.290625
0 0.96875 0.8546875 0.0625 0.290625
0 0.75234375 0.8546875 0.1140625 0.290625