0 0.1859375 0.22265625 0.371875 0.4453125
0 0.4375 0.2875 0.096875 0.484375
0 0.51171875 0.29609375 0.1171875 0.4671875
0 0.7921875 0.27890625 0.415625 0.5015625
0 0.12265625 0.9703125 0.0609375 0.059375
0 0.303125 0.953125 0.0375 0.09375
0 0.0109375 0.98125 0.021875 0.0375
0 0.34609375 0.92734375 0.0359375 0.115625
0 0.25234375 0.95 0.0359375 0.1
0 0.13359375 0.87109375 0.0296875 0.0671875
0 0.00859375 0.93046875 0.0171875 0.0578125
0 0.184375 0.88671875 0.0625 0.2265625
0 0.12265625 0.73984375 0.04375 0.0953125
0 0.3078125 0.85625 0.0390625 0.1375
0 0.25390625 0.846875 0.03125 0.1328125
0 0.915625 0.8421875 0.16875 0.315625