0 0.3125 0.20234375 0.534375 0.4046875
0 0.18671875 0.053125 0.0859375 0.10625
0 0.325 0.953125 0.015625 0.0578125
0 0.5703125 0.959375 0.01875 0.05
0 0.57109375 0.915625 0.0109375 0.028125
0 0.496875 0.8421875 0.015625 0.046875
0 0.003125 0.9546875 0.00625 0.059375
0 0.296875 0.89609375 0.0140625 0.0625
0 0.228125 0.965625 0.0140625 0.0390625
0 0.2796875 0.971875 0.01875 0.05625
0 0.01796875 0.7421875 0.0109375 0.046875
0 0.07109375 0.95390625 0.015625 0.0640625
0 0.78984375 0.73046875 0.4203125 0.5015625