0 0.2296875 0.2734375 0.459375 0.546875
0 0.08125 0.4796875 0.1625 0.2
0 0.41328125 0.49296875 0.0859375 0.1734375
0 0.46953125 0.4109375 0.0203125 0.125
0 0.465625 0.3734375 0.0125 0.084375
0 0.48046875 0.44296875 0.0421875 0.2140625
0 0.46875 0.3796875 0.01875 0.109375
0 0.4703125 0.40625 0.021875 0.096875
0 0.465625 0.30859375 0.0125 0.0640625
0 0.709375 0.4328125 0.35 0.29375
0 0.96953125 0.5171875 0.0609375 0.125
0 0.91484375 0.55546875 0.0515625 0.0484375
0 0.86640625 0.528125 0.0515625 0.0984375
0 0.8140625 0.51640625 0.078125 0.1265625
0 0.7609375 0.48046875 0.0375 0.109375
0 0.38828125 0.671875 0.1421875 0.184375
0 0.79921875 0.78984375 0.1734375 0.4203125