0 0.06640625 0.20703125 0.1328125 0.4140625
0 0.32421875 0.1109375 0.1546875 0.221875
0 0.14609375 0.1359375 0.1609375 0.271875
0 0.0453125 0.0984375 0.090625 0.196875
0 0.44609375 0.11875 0.0453125 0.171875
0 0.921875 0.23828125 0.15625 0.4421875
0 0.7734375 0.32421875 0.203125 0.2703125
0 0.7609375 0.0375 0.15625 0.075
0 0.109375 0.71484375 0.21875 0.5109375
0 0.3390625 0.72734375 0.259375 0.5359375
0 0.96796875 0.91171875 0.0640625 0.1765625
0 0.77578125 0.96484375 0.0390625 0.0703125
0 0.81796875 0.959375 0.0359375 0.08125
0 0.83984375 0.90234375 0.034375 0.065625
0 0.85078125 0.84609375 0.0359375 0.096875
0 0.88046875 0.92109375 0.0328125 0.1234375
0 0.9203125 0.82109375 0.03125 0.0953125
0 0.94609375 0.7890625 0.0234375 0.0453125
0 0.9609375 0.7453125 0.028125 0.059375
0 0.85234375 0.73984375 0.0265625 0.059375
0 0.865625 0.6796875 0.028125 0.0703125
0 0.79296875 0.75390625 0.0265625 0.0609375
0 0.79453125 0.85078125 0.0421875 0.1234375
0 0.72890625 0.81875 0.025 0.0625
0 0.74296875 0.8734375 0.03125 0.0765625
0 0.68515625 0.89765625 0.0421875 0.0796875
0 0.68203125 0.965625 0.0453125 0.06875
0 0.625 0.8546875 0.0421875 0.0859375
0 0.69296875 0.80390625 0.0453125 0.071875
0 0.76171875 0.771875 0.034375 0.1171875
0 0.72890625 0.753125 0.028125 0.0546875
0 0.7359375 0.7015625 0.034375 0.053125
0 0.6234375 0.78359375 0.0359375 0.0625
0 0.59296875 0.7421875 0.028125 0.046875
0 0.5640625 0.71875 0.03125 0.090625
0 0.48359375 0.84375 0.0296875 0.1375
0 0.54375 0.9546875 0.06875 0.090625
0 0.63984375 0.6625 0.0359375 0.0640625