0 0.075 0.26953125 0.15 0.5390625
0 0.37265625 0.290625 0.1546875 0.3328125
0 0.19453125 0.22890625 0.1609375 0.4578125
0 0.06953125 0.31875 0.1390625 0.225
0 0.50859375 0.353125 0.071875 0.171875
0 0.78125 0.421875 0.125 0.475
0 0.83125 0.3765625 0.10625 0.2109375
0 0.75078125 0.37734375 0.0640625 0.1734375
0 0.98125 0.39453125 0.0375 0.1453125
0 0.91953125 0.41875 0.08125 0.1609375
0 0.7390625 0.3890625 0.040625 0.171875
0 0.21171875 0.82265625 0.3484375 0.3265625
0 0.55546875 0.8296875 0.3265625 0.340625
0 0.859375 0.8296875 0.28125 0.340625
0 0.73359375 0.80078125 0.0296875 0.0984375
0 0.74609375 0.89140625 0.0546875 0.2171875
0 0.7390625 0.878125 0.040625 0.24375