0 0.303125 0.2546875 0.19375 0.509375
0 0.03828125 0.3484375 0.0765625 0.321875
0 0.16328125 0.2546875 0.1609375 0.509375
0 0.2890625 0.38359375 0.1421875 0.225
0 0.01796875 0.4171875 0.0359375 0.171875
0 0.5109375 0.27890625 0.221875 0.4609375
0 0.79140625 0.2765625 0.4171875 0.465625
0 0.30546875 0.90078125 0.0390625 0.1984375
0 0.80390625 0.97265625 0.0546875 0.0546875
0 0.98671875 0.9828125 0.0265625 0.034375
0 0.95546875 0.95859375 0.0234375 0.071875
0 0.92734375 0.9703125 0.0234375 0.059375
0 0.99609375 0.93828125 0.0078125 0.1234375
0 0.975 0.91015625 0.0296875 0.1171875
0 0.99453125 0.8734375 0.0109375 0.065625
0 0.94140625 0.8765625 0.028125 0.0890625
0 0.9953125 0.828125 0.009375 0.059375
0 0.975 0.84296875 0.021875 0.046875
0 0.99140625 0.79765625 0.0171875 0.0453125
0 0.9734375 0.80390625 0.0171875 0.0421875
0 0.9703125 0.69140625 0.021875 0.040625
0 0.64765625 0.971875 0.0390625 0.05625
0 0.81171875 0.93515625 0.05625 0.1109375
0 0.8640625 0.82578125 0.0171875 0.1296875
0 0.88515625 0.7703125 0.021875 0.109375
0 0.90390625 0.73359375 0.0203125 0.0796875
0 0.41015625 0.88828125 0.0203125 0.1484375
0 0.49140625 0.94765625 0.0234375 0.1
0 0.4421875 0.97265625 0.03125 0.0546875
0 0.42578125 0.90078125 0.034375 0.1
0 0.6109375 0.93359375 0.028125 0.090625
0 0.64609375 0.91640625 0.028125 0.0703125
0 0.7109375 0.88671875 0.0234375 0.0796875
0 0.75546875 0.95078125 0.0390625 0.0984375
0 0.690625 0.96328125 0.03125 0.0734375
0 0.51875 0.79765625 0.0234375 0.0796875
0 0.5375 0.759375 0.0203125 0.05625
0 0.7609375 0.6515625 0.0265625 0.0734375
0 0.66953125 0.62578125 0.01875 0.0515625
0 0.63125 0.62890625 0.00625 0.0328125
0 0.64921875 0.64140625 0.0109375 0.0265625
0 0.62265625 0.63203125 0.0078125 0.0265625
0 0.6046875 0.615625 0.009375 0.040625
0 0.571875 0.609375 0.0125 0.04375
0 0.5796875 0.61328125 0.0078125 0.0390625
0 0.56171875 0.615625 0.0046875 0.0296875
0 0.55625 0.6109375 0.0046875 0.0265625
0 0.5484375 0.603125 0.009375 0.0375
0 0.5359375 0.603125 0.0140625 0.040625
0 0.40625 0.79140625 0.0125 0.1015625
0 0.409375 0.9609375 0.01875 0.078125
0 0.40625 0.97890625 0.0125 0.0421875
0 0.40703125 0.96875 0.0140625 0.0625
0 0.409375 0.9484375 0.01875 0.1
0 0.98671875 0.65703125 0.015625 0.0421875
0 0.4078125 0.8 0.015625 0.06875
0 0.40546875 0.73125 0.0109375 0.078125
0 0.43671875 0.58203125 0.01875 0.0515625
0 0.4921875 0.59140625 0.0171875 0.059375
0 0.49140625 0.76328125 0.015625 0.0671875
0 0.52109375 0.8828125 0.021875 0.078125
0 0.490625 0.85234375 0.01875 0.06875
0 0.52265625 0.96875 0.0171875 0.059375
0 0.40625 0.89609375 0.0125 0.0796875
0 0.40546875 0.890625 0.0109375 0.0625
0 0.40625 0.76484375 0.0125 0.0609375
0 0.40546875 0.79453125 0.0109375 0.0734375
0 0.42421875 0.803125 0.025 0.084375
0 0.40546875 0.8453125 0.0109375 0.0875
0 0.653125 0.7375 0.015625 0.0578125
0 0.60546875 0.75390625 0.0203125 0.065625
0 0.45625 0.82734375 0.034375 0.1
0 0.75859375 0.60078125 0.009375 0.05
0 0.7703125 0.60546875 0.0109375 0.05
0 0.80859375 0.7 0.0125 0.034375
0 0.76640625 0.85546875 0.0203125 0.075
0 0.7484375 0.82578125 0.01875 0.0609375
0 0.6890625 0.89375 0.0234375 0.0671875
0 0.66640625 0.87578125 0.0234375 0.071875
0 0.64765625 0.84921875 0.0234375 0.0640625
0 0.60234375 0.8640625 0.015625 0.053125
0 0.565625 0.90859375 0.028125 0.071875
0 0.56796875 0.97421875 0.0140625 0.0515625
0 0.82890625 0.85546875 0.0171875 0.0546875
0 0.81796875 0.82734375 0.021875 0.0703125
0 0.77421875 0.815625 0.01875 0.0484375
0 0.7921875 0.8140625 0.0125 0.0421875
0 0.7265625 0.8546875 0.0203125 0.075
0 0.696875 0.80234375 0.0140625 0.06875
0 0.7625 0.771875 0.0125 0.053125
0 0.8234375 0.76953125 0.0234375 0.0484375
0 0.82578125 0.68671875 0.0109375 0.0265625
0 0.975 0.6515625 0.0140625 0.04375
0 0.40859375 0.95703125 0.0171875 0.0703125
0 0.40546875 0.928125 0.0109375 0.075
0 0.575 0.8234375 0.0171875 0.053125
0 0.5609375 0.84375 0.0171875 0.040625
0 0.54453125 0.87265625 0.021875 0.0578125
0 0.55546875 0.8 0.0203125 0.06875
0 0.6359375 0.68515625 0.0125 0.053125
0 0.51875 0.71796875 0.01875 0.071875
0 0.53515625 0.7046875 0.0171875 0.0609375
0 0.78046875 0.67265625 0.0171875 0.0484375
0 0.84921875 0.77734375 0.0171875 0.0796875
0 0.40546875 0.78125 0.0109375 0.059375
0 0.46015625 0.70703125 0.01875 0.0765625
0 0.71796875 0.7546875 0.0265625 0.0765625
0 0.778125 0.7640625 0.01875 0.0546875
0 0.99765625 0.63828125 0.0046875 0.0390625
0 0.97265625 0.61875 0.009375 0.0359375