0 0.37265625 0.21953125 0.3515625 0.4390625
0 0.05390625 0.26484375 0.1078125 0.3484375
0 0.834375 0.334375 0.33125 0.209375
0 0.01953125 0.66953125 0.0390625 0.2703125
0 0.015625 0.80234375 0.03125 0.3953125
0 0.0796875 0.71953125 0.159375 0.5609375
0 0.53515625 0.7765625 0.2671875 0.446875
0 0.63359375 0.74375 0.0703125 0.5125
0 0.33984375 0.72578125 0.1359375 0.5484375
0 0.2203125 0.72109375 0.109375 0.359375
0 0.834375 0.571875 0.33125 0.265625
0 0.69609375 0.615625 0.0546875 0.053125
0 0.6953125 0.60390625 0.053125 0.0640625