0 0.075 0.284375 0.15 0.56875
0 0.37578125 0.284375 0.1484375 0.56875
0 0.18125 0.34296875 0.234375 0.4515625
0 0.0515625 0.4859375 0.084375 0.165625
0 0.46015625 0.2 0.0203125 0.125
0 0.45625 0.1625 0.0125 0.084375
0 0.4734375 0.23203125 0.046875 0.2140625
0 0.459375 0.16875 0.01875 0.109375
0 0.4609375 0.1953125 0.021875 0.096875
0 0.45625 0.09765625 0.0125 0.0640625
0 0.715625 0.321875 0.35 0.49375
0 0.975 0.40859375 0.05 0.1328125
0 0.97265625 0.31015625 0.0546875 0.1328125
0 0.92109375 0.36953125 0.0515625 0.096875
0 0.87265625 0.3171875 0.0515625 0.0984375
0 0.82109375 0.32890625 0.078125 0.1734375
0 0.7671875 0.26953125 0.0375 0.109375
0 0.0640625 0.79765625 0.128125 0.4046875
0 0.39140625 0.784375 0.1171875 0.43125
0 0.1828125 0.784375 0.328125 0.43125
0 0.934375 0.61171875 0.128125 0.0859375
0 0.6671875 0.584375 0.05 0.03125
0 0.46484375 0.59921875 0.0296875 0.0609375