0 0.17109375 0.184375 0.3421875 0.36875
0 0.034375 0.19609375 0.06875 0.2296875
0 0.40703125 0.14453125 0.0859375 0.1390625
0 0.55 0.2265625 0.140625 0.284375
0 0.9265625 0.28671875 0.14375 0.1640625
0 0.7359375 0.19921875 0.153125 0.3390625
0 0.49296875 0.22578125 0.0859375 0.2859375
0 0.4859375 0.06171875 0.071875 0.1234375
0 0.4671875 0.03046875 0.034375 0.0609375
0 0.475 0.15859375 0.05 0.3171875
0 0.48203125 0.04375 0.0640625 0.0875
0 0.96171875 0.0359375 0.0703125 0.071875
0 0.96953125 0.04765625 0.0609375 0.0953125
0 0.8875 0.03671875 0.0875 0.0734375
0 0.76015625 0.0625 0.1265625 0.125
0 0.9140625 0.1046875 0.171875 0.209375
0 0.63984375 0.09296875 0.0953125 0.1859375
0 0.54765625 0.04765625 0.0859375 0.0953125
0 0.47265625 0.0375 0.0453125 0.075
0 0.4796875 0.0421875 0.059375 0.084375
0 0.55390625 0.04609375 0.0671875 0.0921875
0 0.47265625 0.03359375 0.0453125 0.0671875
0 0.13359375 0.684375 0.2671875 0.63125
0 0.8265625 0.41328125 0.053125 0.0890625
0 0.91875 0.97109375 0.05625 0.0578125
0 0.8265625 0.39140625 0.034375 0.0453125
0 0.9 0.61484375 0.0421875 0.103125
0 0.86328125 0.42109375 0.0609375 0.1046875
0 0.878125 0.40390625 0.046875 0.0703125
0 0.7296875 0.39453125 0.0375 0.0515625
0 0.77890625 0.4 0.0453125 0.0625
0 0.76796875 0.39140625 0.0359375 0.0453125
0 0.828125 0.50703125 0.0453125 0.1078125
0 0.778125 0.39296875 0.034375 0.0484375
0 0.76015625 0.55390625 0.053125 0.1015625
0 0.63671875 0.41484375 0.0515625 0.0921875
0 0.684375 0.39140625 0.046875 0.0453125
0 0.9265625 0.40234375 0.046875 0.0671875
0 0.6828125 0.38671875 0.040625 0.0359375
0 0.70390625 0.396875 0.0265625 0.05625
0 0.871875 0.75 0.0625 0.1453125
0 0.9765625 0.51171875 0.046875 0.1765625
0 0.5796875 0.4109375 0.084375 0.084375
0 0.70703125 0.39921875 0.0765625 0.0609375
0 0.67890625 0.51171875 0.0671875 0.1234375
0 0.4953125 0.45859375 0.090625 0.1234375
0 0.5875 0.62890625 0.09375 0.1
0 0.97578125 0.4078125 0.0484375 0.078125
0 0.971875 0.80234375 0.053125 0.096875
0 0.7875 0.89296875 0.046875 0.109375
0 0.7828125 0.778125 0.0453125 0.125
0 0.82578125 0.815625 0.04375 0.13125
0 0.58125 0.3921875 0.053125 0.046875
0 0.46953125 0.38984375 0.0390625 0.0421875
0 0.93671875 0.4 0.0421875 0.0625