0 0.2109375 0.409375 0.278125 0.58125
0 0.025 0.31171875 0.05 0.1390625
0 0.3703125 0.228125 0.040625 0.45625
0 0.3703125 0.2171875 0.040625 0.434375
0 0.39921875 0.22734375 0.0734375 0.4546875
0 0.37578125 0.21875 0.0515625 0.4375
0 0.73203125 0.225 0.0734375 0.45
0 0.834375 0.22734375 0.1 0.4546875
0 0.4890625 0.2328125 0.0875 0.465625
0 0.55078125 0.21484375 0.0828125 0.4296875
0 0.6265625 0.21484375 0.09375 0.4296875
0 0.94296875 0.228125 0.0828125 0.45625
0 0.38359375 0.2046875 0.0671875 0.409375
0 0.04609375 0.76015625 0.0921875 0.1203125
0 0.796875 0.85 0.40625 0.3
0 0.48515625 0.85 0.2703125 0.3
0 0.3671875 0.7828125 0.034375 0.165625
0 0.4015625 0.77734375 0.059375 0.1546875