0 0.028125 0.1078125 0.05625 0.215625
0 0.0625 0.14375 0.125 0.2875
0 0.2390625 0.16953125 0.23125 0.3390625
0 0.50546875 0.18515625 0.1484375 0.3703125
0 0.6109375 0.0359375 0.0625 0.071875
0 0.18828125 0.4984375 0.16875 0.190625
0 0.46796875 0.5015625 0.1375 0.1765625
0 0.2578125 0.49765625 0.1140625 0.1609375
0 0.5578125 0.5140625 0.04375 0.175
0 0.35078125 0.64921875 0.125 0.140625
0 0.59296875 0.5890625 0.0265625 0.2125
0 0.58984375 0.61484375 0.0203125 0.1796875
0 0.59140625 0.7828125 0.0234375 0.159375
0 0.5890625 0.71953125 0.01875 0.3015625
0 0.58828125 0.7234375 0.0171875 0.153125
0 0.59296875 0.6921875 0.0265625 0.175
0 0.5859375 0.79296875 0.0125 0.0859375
0 0.59609375 0.79296875 0.0328125 0.2203125
0 0.590625 0.846875 0.021875 0.1625
0 0.5875 0.90859375 0.015625 0.0859375
0 0.5859375 0.39921875 0.0125 0.0390625
0 0.5890625 0.421875 0.01875 0.084375
0 0.584375 0.41875 0.009375 0.06875
0 0.584375 0.4109375 0.009375 0.0625
0 0.58984375 0.40625 0.0203125 0.053125
0 0.584375 0.39140625 0.009375 0.0234375
0 0.5890625 0.415625 0.01875 0.071875
0 0.590625 0.41953125 0.021875 0.0796875
0 0.58359375 0.45859375 0.0078125 0.0578125
0 0.5953125 0.4390625 0.03125 0.11875
0 0.58828125 0.48828125 0.0171875 0.1328125
0 0.5875 0.52734375 0.015625 0.1296875
0 0.5875 0.5578125 0.015625 0.1375
0 0.6375 0.45 0.090625 0.140625
0 0.73046875 0.5109375 0.0703125 0.2625
0 0.85234375 0.6046875 0.05625 0.209375
0 0.81171875 0.43671875 0.0359375 0.1140625
0 0.7734375 0.6765625 0.059375 0.15625
0 0.88984375 0.49296875 0.0515625 0.2265625
0 0.88515625 0.415625 0.0484375 0.071875
0 0.96015625 0.51171875 0.059375 0.225
0 0.9921875 0.821875 0.015625 0.265625
0 0.83671875 0.77890625 0.0484375 0.203125
0 0.89609375 0.79375 0.0609375 0.321875
0 0.76328125 0.921875 0.0390625 0.1171875
0 0.78671875 0.98125 0.0390625 0.0375
0 0.74765625 0.9875 0.0359375 0.025
0 0.68671875 0.81484375 0.0265625 0.15625
0 0.62890625 0.6828125 0.0453125 0.2765625
0 0.6875 0.64296875 0.0515625 0.184375
0 0.5953125 0.6890625 0.03125 0.171875
0 0.590625 0.5078125 0.021875 0.15625
0 0.7703125 0.80546875 0.059375 0.140625
0 0.71796875 0.8015625 0.046875 0.203125
0 0.5875 0.7234375 0.015625 0.134375
0 0.5890625 0.83984375 0.01875 0.1421875
0 0.58828125 0.7515625 0.0171875 0.134375
0 0.6890625 0.95 0.028125 0.1
0 0.70625 0.9796875 0.028125 0.040625
0 0.58671875 0.93203125 0.0140625 0.0859375
0 0.58671875 0.84765625 0.0140625 0.1140625
0 0.6421875 0.98828125 0.025 0.0234375
0 0.58828125 0.86328125 0.0171875 0.1359375
0 0.58515625 0.96953125 0.0109375 0.0609375
0 0.58671875 0.9671875 0.0140625 0.065625
0 0.5875 0.88671875 0.015625 0.1359375
0 0.59140625 0.55078125 0.0234375 0.1890625
0 0.5875 0.5390625 0.015625 0.1375