0 0.44765625 0.35234375 0.3828125 0.7046875
0 0.12734375 0.46015625 0.1375 0.2296875
0 0.6625 0.26015625 0.046875 0.1796875
0 0.6640625 0.4375 0.05 0.15
0 0.65703125 0.5640625 0.0359375 0.19375
0 0.6609375 0.44296875 0.04375 0.1703125
0 0.7203125 0.50546875 0.0828125 0.1375
0 0.96875 0.43984375 0.0625 0.1609375
0 0.78515625 0.1859375 0.0640625 0.13125
0 0.66640625 0.26640625 0.0546875 0.1890625
0 0.7140625 0.04453125 0.05 0.0890625
0 0.67265625 0.03046875 0.0484375 0.0609375
0 0.8796875 0.13984375 0.09375 0.2015625
0 0.65546875 0.08828125 0.0328125 0.1359375
0 0.85078125 0.51015625 0.1421875 0.4171875
0 0.6984375 0.56328125 0.11875 0.3109375
0 0.95 0.2203125 0.1 0.315625
0 0.83046875 0.0609375 0.0671875 0.121875
0 0.54609375 0.859375 0.1859375 0.28125
0 0.88828125 0.859375 0.2234375 0.28125