0 0.30625 0.31171875 0.025 0.3640625
0 0.14765625 0.31953125 0.2515625 0.3984375
0 0.0578125 0.32109375 0.115625 0.3953125
0 0.04375 0.32265625 0.0875 0.3921875
0 0.0453125 0.31796875 0.090625 0.4015625
0 0.953125 0.29296875 0.09375 0.4515625
0 0.38125 0.28828125 0.125 0.4609375
0 0.6359375 0.25 0.10625 0.2109375
0 0.50625 0.2515625 0.128125 0.1734375
0 0.86328125 0.24375 0.078125 0.1515625
0 0.7984375 0.26796875 0.0609375 0.1453125
0 0.72421875 0.2921875 0.08125 0.1609375
0 0.409375 0.2625 0.08125 0.171875
0 0.0796875 0.77734375 0.159375 0.4453125
0 0.8078125 0.6703125 0.209375 0.140625