0 0.25859375 0.209375 0.4515625 0.41875
0 0.034375 0.25859375 0.06875 0.2296875
0 0.97109375 0.30234375 0.0546875 0.21875
0 0.6953125 0.35625 0.04375 0.125
0 0.79921875 0.35625 0.0390625 0.125
0 0.76796875 0.34375 0.034375 0.1234375
0 0.90625 0.36015625 0.065625 0.1171875
0 0.8484375 0.35625 0.059375 0.125
0 0.703125 0.365625 0.06875 0.10625
0 0.5890625 0.37578125 0.05625 0.0859375
0 0.53046875 0.3703125 0.0421875 0.096875
0 0.52578125 0.375 0.0328125 0.0875
0 0.6421875 0.37265625 0.05625 0.0921875
0 0.375 0.625 0.175 0.409375
0 0.21171875 0.65 0.1859375 0.4625
0 0.06171875 0.7 0.1234375 0.5625
0 0.4640625 0.62265625 0.090625 0.3328125
0 0.42734375 0.62421875 0.1640625 0.3046875
0 0.02265625 0.7984375 0.0453125 0.403125
0 0.89609375 0.63125 0.2078125 0.425