0 0.31953125 0.23515625 0.3203125 0.4703125
0 0.11953125 0.2703125 0.2390625 0.540625
0 0.91171875 0.571875 0.0265625 0.034375
0 0.93828125 0.49375 0.015625 0.03125
0 0.83828125 0.50859375 0.0171875 0.0203125
0 0.77109375 0.5078125 0.0109375 0.0203125
0 0.4640625 0.63359375 0.03125 0.0890625
0 0.46796875 0.69453125 0.0234375 0.0921875
0 0.40078125 0.9765625 0.0421875 0.046875
0 0.4375 0.78828125 0.0609375 0.153125
0 0.4234375 0.6515625 0.046875 0.125
0 0.46484375 0.89765625 0.0296875 0.1078125
0 0.375 0.63984375 0.046875 0.1015625
0 0.3078125 0.90234375 0.08125 0.1765625
0 0.2640625 0.76796875 0.0828125 0.1265625
0 0.2046875 0.90703125 0.09375 0.1734375
0 0.2140625 0.65078125 0.13125 0.1234375
0 0.3203125 0.63984375 0.05625 0.1015625
0 0.053125 0.7203125 0.10625 0.159375
0 0.1609375 0.8234375 0.096875 0.121875
0 0.075 0.92578125 0.15 0.1171875
0 0.36484375 0.76875 0.0421875 0.1078125
0 0.8734375 0.79453125 0.253125 0.4109375