0 0.2140625 0.190625 0.425 0.38125
0 0.59453125 0.16015625 0.2421875 0.3203125
0 0.01953125 0.96015625 0.0390625 0.0796875
0 0.015625 0.8734375 0.03125 0.184375
0 0.33515625 0.9515625 0.2859375 0.096875
0 0.484375 0.9328125 0.109375 0.134375
0 0.57578125 0.93359375 0.0640625 0.1328125
0 0.63515625 0.93359375 0.0671875 0.128125
0 0.71484375 0.9421875 0.0890625 0.115625
0 0.5984375 0.79296875 0.0546875 0.1234375
0 0.51484375 0.8359375 0.0390625 0.0625
0 0.64140625 0.75234375 0.0359375 0.1125
0 0.7171875 0.73828125 0.084375 0.0984375
0 0.70390625 0.8296875 0.05 0.05625
0 0.41015625 0.89609375 0.0515625 0.0890625
0 0.04765625 0.89921875 0.0375 0.0703125
0 0.071875 0.88671875 0.021875 0.0328125
0 0.17265625 0.85 0.0296875 0.0453125
0 0.20859375 0.8328125 0.0421875 0.065625
0 0.015625 0.98359375 0.03125 0.0328125
0 0.375 0.7640625 0.03125 0.04375
0 0.3296875 0.7953125 0.025 0.0390625
0 0.11796875 0.91015625 0.0453125 0.05625
0 0.1671875 0.90703125 0.040625 0.0453125
0 0.83125 0.846875 0.14375 0.30625