0 0.2296875 0.125 0.459375 0.25
0 0.175 0.60625 0.059375 0.1640625
0 0.22265625 0.625 0.0421875 0.146875
0 0.2734375 0.61875 0.0578125 0.13125
0 0.32890625 0.60078125 0.04375 0.1296875
0 0.2125 0.28359375 0.065625 0.0671875
0 0.2765625 0.28046875 0.04375 0.0609375
0 0.32421875 0.27578125 0.0421875 0.0515625
0 0.43671875 0.2859375 0.0453125 0.071875
0 0.378125 0.303125 0.0625 0.10625
0 0.4359375 0.3109375 0.046875 0.121875
0 0.44921875 0.53828125 0.0203125 0.1109375
0 0.4046875 0.4734375 0.0703125 0.159375
0 0.3265625 0.42421875 0.0625 0.2265625
0 0.2234375 0.28984375 0.0375 0.0796875
0 0.01640625 0.27890625 0.0328125 0.0578125
0 0.0265625 0.33203125 0.053125 0.1640625
0 0.02265625 0.3125 0.0453125 0.125
0 0.1578125 0.34765625 0.065625 0.1953125
0 0.08359375 0.3296875 0.0671875 0.159375
0 0.084375 0.27578125 0.03125 0.0515625
0 0.03671875 0.45234375 0.059375 0.15
0 0.1046875 0.4859375 0.059375 0.1734375
0 0.159375 0.46171875 0.0546875 0.140625
0 0.2125 0.42734375 0.0484375 0.1890625
0 0.25078125 0.45078125 0.040625 0.209375
0 0.01484375 0.2703125 0.0296875 0.040625
0 0.0109375 0.47421875 0.021875 0.1859375
0 0.07109375 0.55625 0.0390625 0.1125
0 0.01171875 0.49765625 0.0234375 0.1734375
0 0.015625 0.50234375 0.03125 0.1546875
0 0.0125 0.51875 0.025 0.128125
0 0.0140625 0.65546875 0.028125 0.1453125
0 0.00546875 0.59921875 0.0109375 0.0578125
0 0.009375 0.60859375 0.01875 0.0671875
0 0.0109375 0.6875 0.021875 0.121875
0 0.0078125 0.6703125 0.015625 0.090625
0 0.0875 0.721875 0.0484375 0.2375
0 0.0328125 0.7046875 0.0515625 0.2
0 0.14453125 0.7078125 0.0421875 0.1328125
0 0.18828125 0.71796875 0.0390625 0.109375
0 0.3578125 0.64765625 0.03125 0.0921875
0 0.38359375 0.5765625 0.04375 0.0890625
0 0.39375 0.6390625 0.028125 0.075
0 0.41875 0.65078125 0.0265625 0.0984375
0 0.440625 0.665625 0.028125 0.10625
0 0.4484375 0.69375 0.021875 0.103125
0 0.4484375 0.76875 0.021875 0.084375
0 0.00859375 0.76328125 0.0171875 0.0984375
0 0.01484375 0.83125 0.0296875 0.128125
0 0.00859375 0.8140625 0.0171875 0.103125
0 0.22734375 0.78828125 0.0296875 0.125
0 0.27734375 0.7125 0.0421875 0.078125
0 0.3515625 0.72578125 0.0296875 0.0734375
0 0.40078125 0.715625 0.028125 0.0859375
0 0.4109375 0.78515625 0.0265625 0.065625
0 0.36484375 0.77109375 0.03125 0.0640625
0 0.3859375 0.78515625 0.0234375 0.08125
0 0.3328125 0.790625 0.028125 0.084375
0 0.29453125 0.7859375 0.04375 0.090625
0 0.265625 0.8140625 0.0421875 0.1265625
0 0.17890625 0.82578125 0.0453125 0.109375
0 0.13984375 0.83515625 0.0328125 0.1171875
0 0.1109375 0.88828125 0.0390625 0.1109375
0 0.078125 0.8765625 0.0296875 0.078125
0 0.02890625 0.83203125 0.0421875 0.0765625
0 0.04765625 0.9125 0.034375 0.0859375
0 0.15078125 0.92734375 0.025 0.078125
0 0.2390625 0.925 0.034375 0.0828125
0 0.37109375 0.8703125 0.034375 0.10625
0 0.29375 0.89296875 0.03125 0.090625
0 0.325 0.92578125 0.03125 0.075
0 0.2921875 0.97109375 0.03125 0.0578125
0 0.40546875 0.91484375 0.0390625 0.115625
0 0.4359375 0.83984375 0.0296875 0.059375
0 0.44921875 0.890625 0.0203125 0.05
0 0.4265625 0.92734375 0.01875 0.046875
0 0.00859375 0.95703125 0.0171875 0.0859375
0 0.00703125 0.88046875 0.0140625 0.0734375
0 0.4015625 0.98203125 0.021875 0.0359375
0 0.35625 0.978125 0.028125 0.04375
0 0.96015625 0.909375 0.040625 0.125
0 0.4703125 0.55859375 0.021875 0.1140625
0 0.57265625 0.4796875 0.04375 0.125
0 0.5 0.6359375 0.0296875 0.078125
0 0.71484375 0.31484375 0.034375 0.1
0 0.671875 0.4625 0.0390625 0.08125
0 0.6578125 0.30703125 0.05 0.1140625
0 0.55546875 0.5828125 0.046875 0.109375
0 0.7078125 0.42734375 0.0359375 0.10625
0 0.7546875 0.37890625 0.0359375 0.096875
0 0.60546875 0.4140625 0.0421875 0.109375
0 0.5609375 0.3078125 0.05 0.115625
0 0.6375 0.2734375 0.0375 0.046875
0 0.5140625 0.34375 0.040625 0.1078125
0 0.478125 0.46796875 0.0375 0.1140625
0 0.98984375 0.540625 0.0203125 0.08125
0 0.4703125 0.3015625 0.021875 0.103125
0 0.65 0.5109375 0.040625 0.0796875
0 0.50625 0.465625 0.09375 0.43125
0 0.4796875 0.35078125 0.040625 0.2015625
0 0.475 0.38046875 0.03125 0.1921875
0 0.88203125 0.625 0.2359375 0.75
0 0.47421875 0.884375 0.0296875 0.18125
0 0.47265625 0.78359375 0.0265625 0.1796875
0 0.46953125 0.81328125 0.0203125 0.1453125