0 0.325 0.21953125 0.65 0.4390625
0 0.93984375 0.21953125 0.1203125 0.4390625
0 0.071875 0.78203125 0.06875 0.2765625
0 0.6125 0.48515625 0.053125 0.0921875
0 0.21015625 0.478125 0.0390625 0.078125
0 0.1 0.5796875 0.0390625 0.1546875
0 0.52578125 0.4796875 0.0546875 0.08125
0 0.01484375 0.47109375 0.0296875 0.0640625
0 0.35 0.815625 0.0390625 0.1109375
0 0.2984375 0.4859375 0.053125 0.09375
0 0.00859375 0.9046875 0.0171875 0.15
0 0.44296875 0.76796875 0.04375 0.1625
0 0.39375 0.49140625 0.065625 0.1046875
0 0.45078125 0.92890625 0.0421875 0.1421875
0 0.41171875 0.5421875 0.0671875 0.20625
0 0.0171875 0.83515625 0.034375 0.2984375
0 0.2421875 0.940625 0.06875 0.11875
0 0.1359375 0.56015625 0.0375 0.1546875
0 0.2328125 0.76484375 0.053125 0.1796875
0 0.334375 0.55625 0.05625 0.234375
0 0.3046875 0.928125 0.05 0.14375
0 0.13515625 0.47578125 0.0359375 0.0734375
0 0.01015625 0.76171875 0.0203125 0.1359375
0 0.56875 0.86875 0.028125 0.0984375
0 0.59453125 0.48359375 0.0765625 0.0890625
0 0.05859375 0.58828125 0.0375 0.11875
0 0.15625 0.87421875 0.096875 0.1640625
0 0.1625 0.96875 0.084375 0.0625
0 0.01875 0.640625 0.0375 0.3625
0 0.01484375 0.55234375 0.0296875 0.2109375
0 0.01640625 0.49296875 0.0328125 0.1078125
0 0.0140625 0.48046875 0.028125 0.0828125
0 0.01953125 0.48984375 0.0390625 0.1015625
0 0.09609375 0.49609375 0.0609375 0.1140625
0 0.17109375 0.5046875 0.0578125 0.13125
0 0.51796875 0.49296875 0.0453125 0.1078125
0 0.4265625 0.48515625 0.08125 0.0921875
0 0.54453125 0.95546875 0.0828125 0.0890625
0 0.61875 0.93203125 0.0625 0.1359375
0 0.62421875 0.75078125 0.0515625 0.1796875
0 0.3890625 0.9828125 0.075 0.034375
0 0.47890625 0.81015625 0.040625 0.2484375
0 0.55 0.68046875 0.090625 0.2265625
0 0.740625 0.76796875 0.18125 0.4640625
0 0.8984375 0.7484375 0.203125 0.503125
0 0.67578125 0.69375 0.0515625 0.128125