0 0.14375 0.659375 0.053125 0.2109375
0 0.08359375 0.6328125 0.0421875 0.1796875
0 0.06796875 0.465625 0.046875 0.159375
0 0.02421875 0.528125 0.0375 0.3015625
0 0.1796875 0.52421875 0.0359375 0.153125
0 0.29453125 0.55546875 0.0546875 0.175
0 0.290625 0.4546875 0.025 0.0859375
0 0.22109375 0.4546875 0.0671875 0.2203125
0 0.128125 0.4015625 0.0453125 0.1625
0 0.0296875 0.3390625 0.03125 0.0859375
0 0.05390625 0.9609375 0.0265625 0.078125
0 0.10546875 0.915625 0.0375 0.16875
0 0.12890625 0.82890625 0.01875 0.06875
0 0.14453125 0.86171875 0.0203125 0.1109375
0 0.18671875 0.94609375 0.0421875 0.1078125
0 0.2484375 0.97578125 0.01875 0.0484375
0 0.23515625 0.85078125 0.0375 0.1078125
0 0.184375 0.8390625 0.04375 0.1015625
0 0.20390625 0.7890625 0.0171875 0.0578125
0 0.32578125 0.86875 0.0625 0.2375
0 0.2921875 0.76015625 0.0359375 0.1328125
0 0.28125 0.7203125 0.03125 0.1296875
0 0.33046875 0.690625 0.0328125 0.1375
0 0.56171875 0.8640625 0.090625 0.271875
0 0.6546875 0.803125 0.0703125 0.39375
0 0.77578125 0.64375 0.05625 0.209375
0 0.73515625 0.83671875 0.0359375 0.165625
0 0.696875 0.571875 0.059375 0.15625
0 0.81328125 0.75859375 0.0515625 0.2328125
0 0.809375 0.928125 0.0484375 0.14375
0 0.88359375 0.73671875 0.059375 0.225
0 0.98203125 0.71171875 0.0359375 0.159375
0 0.975 0.56953125 0.05 0.1875
0 0.94375 0.4265625 0.0703125 0.2640625
0 0.76015625 0.46953125 0.0484375 0.2046875
0 0.81953125 0.4546875 0.0609375 0.3203125
0 0.934375 0.25703125 0.034375 0.1484375
0 0.978125 0.24921875 0.04375 0.225
0 0.95078125 0.10234375 0.04375 0.165625
0 0.87265625 0.175 0.0625 0.1515625
0 0.68671875 0.3265625 0.0390625 0.1171875
0 0.7109375 0.225 0.0390625 0.1203125
0 0.67109375 0.22578125 0.0359375 0.09375
0 0.61015625 0.43359375 0.0265625 0.15625
0 0.55234375 0.565625 0.0453125 0.2765625
0 0.6109375 0.60546875 0.0515625 0.184375
0 0.51640625 0.55859375 0.0375 0.171875
0 0.4046875 0.740625 0.04375 0.15625
0 0.69375 0.44296875 0.059375 0.140625
0 0.64140625 0.446875 0.046875 0.203125
0 0.37109375 0.52421875 0.0328125 0.134375
0 0.36796875 0.40859375 0.0390625 0.1421875
0 0.4046875 0.49609375 0.034375 0.134375
0 0.61328125 0.2953125 0.028125 0.10625
0 0.6296875 0.24140625 0.028125 0.09375
0 0.5921875 0.17109375 0.0390625 0.1515625
0 0.63359375 0.115625 0.034375 0.1453125
0 0.42265625 0.17109375 0.034375 0.1015625
0 0.48515625 0.31640625 0.0296875 0.0859375
0 0.48359375 0.4 0.028125 0.1140625
0 0.565625 0.2140625 0.025 0.1140625
0 0.825 0.18828125 0.0296875 0.1078125
0 0.89765625 0.10390625 0.0203125 0.0828125
0 0.44765625 0.384375 0.034375 0.134375
0 0.2828125 0.2765625 0.021875 0.0640625
0 0.1203125 0.26796875 0.028125 0.090625
0 0.3359375 0.36171875 0.03125 0.1359375
0 0.45078125 0.696875 0.046875 0.190625
0 0.22265625 0.70859375 0.0328125 0.1375
0 0.521875 0.11484375 0.040625 0.121875
0 0.8203125 0.08203125 0.0203125 0.10625
0 0.77890625 0.1921875 0.021875 0.075