0 0.01328125 0.053125 0.0265625 0.10625
0 0.01015625 0.04453125 0.0203125 0.0890625
0 0.01171875 0.15 0.0234375 0.159375
0 0.009375 0.11875 0.01875 0.2375
0 0.00859375 0.090625 0.0171875 0.153125
0 0.01328125 0.0734375 0.0265625 0.146875
0 0.00625 0.16015625 0.0125 0.0859375
0 0.01640625 0.16015625 0.0328125 0.2203125
0 0.0109375 0.2140625 0.021875 0.1625
0 0.0078125 0.27578125 0.015625 0.0859375
0 0.00625 0.01953125 0.0125 0.0390625
0 0.009375 0.0421875 0.01875 0.084375
0 0.0046875 0.0171875 0.009375 0.034375
0 0.0046875 0.02734375 0.009375 0.0546875
0 0.01015625 0.0265625 0.0203125 0.053125
0 0.0046875 0.01171875 0.009375 0.0234375
0 0.009375 0.0265625 0.01875 0.053125
0 0.0109375 0.025 0.021875 0.05
0 0.00390625 0.0140625 0.0078125 0.028125
0 0.015625 0.059375 0.03125 0.11875
0 0.00859375 0.0328125 0.0171875 0.065625
0 0.0078125 0.03203125 0.015625 0.0640625
0 0.0078125 0.034375 0.015625 0.06875
0 0.1859375 0.06796875 0.090625 0.1359375
0 0.27890625 0.0984375 0.0703125 0.196875
0 0.35078125 0.04140625 0.0171875 0.0828125
0 0.321875 0.0609375 0.059375 0.121875
0 0.31171875 0.2890625 0.0390625 0.1171875
0 0.3359375 0.390625 0.0390625 0.1203125
0 0.29609375 0.38984375 0.0359375 0.09375
0 0.23515625 0.18203125 0.0265625 0.15625
0 0.17734375 0.09375 0.0453125 0.1875
0 0.23515625 0.05078125 0.0515625 0.1015625
0 0.140625 0.07109375 0.0375 0.1421875
0 0.0296875 0.0390625 0.04375 0.078125
0 0.31875 0.17265625 0.059375 0.140625
0 0.26640625 0.16875 0.046875 0.203125
0 0.0078125 0.090625 0.015625 0.134375
0 0.009375 0.20703125 0.01875 0.1421875
0 0.0296875 0.11953125 0.034375 0.134375
0 0.23828125 0.3203125 0.028125 0.10625
0 0.2546875 0.37421875 0.028125 0.09375
0 0.2171875 0.44453125 0.0390625 0.1515625
0 0.2578125 0.48828125 0.034375 0.1234375
0 0.04765625 0.44453125 0.034375 0.1015625
0 0.11015625 0.29921875 0.0296875 0.0859375
0 0.10859375 0.215625 0.028125 0.1140625
0 0.190625 0.4015625 0.025 0.1140625
0 0.07265625 0.23125 0.034375 0.1359375
0 0.00546875 0.33828125 0.0109375 0.0640625
0 0.00703125 0.346875 0.0140625 0.090625
0 0.0078125 0.25390625 0.015625 0.1359375
0 0.075 0.046875 0.046875 0.09375
0 0.0078125 0.034375 0.015625 0.06875
0 0.146875 0.49453125 0.040625 0.1109375
0 0.159375 0.775 0.31875 0.45