0 0.01328125 0.20390625 0.0265625 0.2109375
0 0.01015625 0.17734375 0.0203125 0.1796875
0 0.01171875 0.0453125 0.0234375 0.090625
0 0.009375 0.11171875 0.01875 0.2234375
0 0.00859375 0.07265625 0.0171875 0.1453125
0 0.01328125 0.1 0.0265625 0.175
0 0.00625 0.02109375 0.0125 0.0421875
0 0.01640625 0.0546875 0.0328125 0.109375
0 0.0109375 0.040625 0.021875 0.08125
0 0.0078125 0.02109375 0.015625 0.0421875
0 0.00390625 0.33203125 0.0078125 0.0546875
0 0.00859375 0.29921875 0.0171875 0.1203125
0 0.0078125 0.26484375 0.015625 0.1296875
0 0.0078125 0.2359375 0.015625 0.1375
0 0.1703125 0.31640625 0.090625 0.0859375
0 0.26328125 0.25546875 0.0703125 0.2078125
0 0.38515625 0.1890625 0.05625 0.209375
0 0.34453125 0.32890625 0.0359375 0.0609375
0 0.30625 0.1171875 0.059375 0.15625
0 0.42265625 0.2734375 0.0515625 0.171875
0 0.4921875 0.2640625 0.059375 0.190625
0 0.53828125 0.065625 0.0421875 0.13125
0 0.36953125 0.05859375 0.0484375 0.1171875
0 0.42890625 0.0796875 0.0609375 0.159375
0 0.54296875 0.03671875 0.0328125 0.0734375
0 0.5484375 0.04140625 0.021875 0.0828125
0 0.48125 0.0375 0.0625 0.075
0 0.29609375 0.02890625 0.0390625 0.0578125
0 0.31953125 0.0296875 0.0390625 0.059375
0 0.28046875 0.0234375 0.0359375 0.046875
0 0.21953125 0.0390625 0.0265625 0.078125
0 0.16171875 0.12421875 0.0453125 0.2484375
0 0.2203125 0.15078125 0.0515625 0.184375
0 0.12578125 0.10390625 0.0375 0.171875
0 0.01796875 0.28359375 0.0359375 0.1515625
0 0.303125 0.03515625 0.059375 0.0703125
0 0.25 0.05078125 0.046875 0.1015625
0 0.0078125 0.06875 0.015625 0.134375
0 0.009375 0.03515625 0.01875 0.0703125
0 0.015625 0.05390625 0.03125 0.1078125
0 0.221875 0.0265625 0.028125 0.053125
0 0.2390625 0.0234375 0.028125 0.046875
0 0.20078125 0.0375 0.0390625 0.075
0 0.2421875 0.0359375 0.034375 0.071875
0 0.03125 0.025 0.034375 0.05
0 0.09453125 0.02109375 0.0296875 0.0421875
0 0.0921875 0.028125 0.028125 0.05625
0 0.175 0.028125 0.025 0.05625
0 0.43359375 0.0265625 0.0296875 0.053125
0 0.50703125 0.0203125 0.0203125 0.040625
0 0.05625 0.03359375 0.034375 0.0671875
0 0.00546875 0.015625 0.0109375 0.03125
0 0.00703125 0.02265625 0.0140625 0.0453125
0 0.0078125 0.03359375 0.015625 0.0671875
0 0.06015625 0.2421875 0.046875 0.190625
0 0.0078125 0.253125 0.015625 0.1375
0 0.13125 0.03046875 0.040625 0.0609375
0 0.42890625 0.0265625 0.0203125 0.053125
0 0.3875 0.01875 0.021875 0.0375
0 0.6703125 0.1796875 0.221875 0.359375
0 0.50390625 0.90625 0.1109375 0.1875
0 0.4828125 0.56328125 0.153125 0.1734375
0 0.1078125 0.53984375 0.215625 0.3609375
0 0.25 0.509375 0.25 0.3
0 0.05625 0.90234375 0.0921875 0.1578125
0 0.17265625 0.8578125 0.1390625 0.2359375
0 0.02265625 0.62734375 0.0453125 0.0609375
0 0.678125 0.58359375 0.2375 0.4484375