0 0.01328125 0.3125 0.0265625 0.2125
0 0.01015625 0.33828125 0.0203125 0.1796875
0 0.009375 0.38046875 0.01875 0.1765625
0 0.00859375 0.41953125 0.0171875 0.0984375
0 0.01328125 0.3984375 0.0265625 0.140625
0 0.00625 0.025 0.0125 0.05
0 0.009375 0.0703125 0.01875 0.140625
0 0.0046875 0.1421875 0.009375 0.06875
0 0.0046875 0.11015625 0.009375 0.1109375
0 0.01015625 0.03984375 0.0203125 0.0796875
0 0.0046875 0.01171875 0.009375 0.0234375
0 0.009375 0.12109375 0.01875 0.1078125
0 0.0109375 0.1328125 0.021875 0.1
0 0.00390625 0.18203125 0.0078125 0.0578125
0 0.015625 0.1109375 0.03125 0.221875
0 0.00859375 0.21171875 0.0171875 0.1328125
0 0.0078125 0.25078125 0.015625 0.1296875
0 0.0078125 0.28125 0.015625 0.1375
0 0.075 0.121875 0.090625 0.24375
0 0.16796875 0.1828125 0.0703125 0.365625
0 0.28984375 0.328125 0.05625 0.209375
0 0.24921875 0.13515625 0.0359375 0.165625
0 0.2109375 0.3953125 0.059375 0.146875
0 0.32734375 0.21328125 0.0515625 0.2328125
0 0.32265625 0.0578125 0.0484375 0.115625
0 0.39765625 0.23515625 0.059375 0.225
0 0.48359375 0.259375 0.0109375 0.159375
0 0.4765625 0.38828125 0.025 0.1609375
0 0.45546875 0.440625 0.0671875 0.05625
0 0.27421875 0.434375 0.0484375 0.06875
0 0.33359375 0.4125 0.0609375 0.1125
0 0.06640625 0.36796875 0.0453125 0.2015625
0 0.125 0.36640625 0.0515625 0.184375
0 0.0296875 0.39765625 0.0375 0.1421875
0 0.0109375 0.23125 0.021875 0.15625
0 0.1546875 0.44609375 0.046875 0.0453125
0 0.0078125 0.42421875 0.015625 0.0890625
0 0.00859375 0.43828125 0.0171875 0.0609375
0 0.01171875 0.27421875 0.0234375 0.1890625
0 0.0078125 0.2625 0.015625 0.1375
0 0.534375 0.04765625 0.078125 0.0953125
0 0.0109375 0.89296875 0.021875 0.1140625
0 0.35859375 0.8140625 0.04375 0.125
0 0.28515625 0.965625 0.0296875 0.06875
0 0.4578125 0.796875 0.0390625 0.08125
0 0.44375 0.6359375 0.05 0.1265625
0 0.34140625 0.9171875 0.046875 0.109375
0 0.48203125 0.7609375 0.0140625 0.10625
0 0.39140625 0.7484375 0.0421875 0.109375
0 0.346875 0.64140625 0.05 0.11875
0 0.42421875 0.55859375 0.0375 0.09375
0 0.3 0.678125 0.040625 0.1078125
0 0.26328125 0.803125 0.040625 0.1140625
0 0.209375 0.5484375 0.04375 0.159375
0 0.4359375 0.8453125 0.040625 0.0796875
0 0.1046875 0.734375 0.1875 0.53125
0 0.0203125 0.65234375 0.040625 0.2671875
0 0.015625 0.71484375 0.03125 0.1921875
0 0.84296875 0.73125 0.1953125 0.525