0 0.02265625 0.38203125 0.0453125 0.2109375
0 0.01015625 0.35546875 0.0203125 0.1796875
0 0.01171875 0.1890625 0.0234375 0.159375
0 0.009375 0.25078125 0.01875 0.3015625
0 0.0546875 0.24765625 0.0359375 0.153125
0 0.16953125 0.27890625 0.0546875 0.175
0 0.165625 0.178125 0.025 0.0859375
0 0.09609375 0.178125 0.0671875 0.2203125
0 0.0125 0.125 0.025 0.1625
0 0.0078125 0.06171875 0.015625 0.0859375
0 0.07890625 0.50625 0.0171875 0.046875
0 0.2 0.5015625 0.0625 0.05625
0 0.16640625 0.4734375 0.0359375 0.1125
0 0.15625 0.44375 0.03125 0.1296875
0 0.20546875 0.4140625 0.0328125 0.1375
0 0.4359375 0.490625 0.090625 0.078125
0 0.52890625 0.4296875 0.0703125 0.2
0 0.65078125 0.3671875 0.05625 0.209375
0 0.61015625 0.503125 0.0359375 0.053125
0 0.571875 0.2953125 0.059375 0.15625
0 0.67109375 0.44765625 0.0171875 0.1640625
0 0.63515625 0.19296875 0.0484375 0.2046875
0 0.671875 0.17734375 0.015625 0.3203125
0 0.56171875 0.05390625 0.0390625 0.1078125
0 0.58515625 0.0296875 0.0390625 0.059375
0 0.54609375 0.0234375 0.0359375 0.046875
0 0.48515625 0.15703125 0.0265625 0.15625
0 0.42734375 0.2890625 0.0453125 0.2765625
0 0.4859375 0.32890625 0.0515625 0.184375
0 0.39140625 0.28203125 0.0375 0.171875
0 0.2796875 0.4578125 0.04375 0.14375
0 0.56875 0.16640625 0.059375 0.140625
0 0.51640625 0.1703125 0.046875 0.203125
0 0.24609375 0.24765625 0.0328125 0.134375
0 0.24296875 0.13203125 0.0390625 0.1421875
0 0.2796875 0.21953125 0.034375 0.134375
0 0.4875 0.0359375 0.028125 0.071875
0 0.5046875 0.0234375 0.028125 0.046875
0 0.46640625 0.0375 0.0390625 0.075
0 0.5078125 0.0359375 0.034375 0.071875
0 0.296875 0.025 0.034375 0.05
0 0.36015625 0.04140625 0.0296875 0.0828125
0 0.35859375 0.1234375 0.028125 0.1140625
0 0.440625 0.028125 0.025 0.05625
0 0.32265625 0.1078125 0.034375 0.134375
0 0.1578125 0.015625 0.021875 0.03125
0 0.00703125 0.02265625 0.0140625 0.0453125
0 0.2109375 0.08515625 0.03125 0.1359375
0 0.32578125 0.4203125 0.046875 0.190625
0 0.09765625 0.43203125 0.0328125 0.1375
0 0.396875 0.03046875 0.040625 0.0609375
0 0.653125 0.01875 0.021875 0.0375
0 0.83984375 0.3296875 0.3203125 0.4
0 0.26640625 0.76484375 0.5328125 0.4703125
0 0.903125 0.8421875 0.19375 0.315625