0 0.14375 0.340625 0.053125 0.2125
0 0.08359375 0.3671875 0.0421875 0.1796875
0 0.06796875 0.534375 0.046875 0.159375
0 0.02421875 0.471875 0.0375 0.3015625
0 0.1796875 0.47578125 0.0359375 0.153125
0 0.29453125 0.44453125 0.0546875 0.175
0 0.290625 0.5453125 0.025 0.0859375
0 0.22109375 0.5453125 0.0671875 0.2203125
0 0.128125 0.5984375 0.0453125 0.1625
0 0.0296875 0.6609375 0.03125 0.0859375
0 0.05390625 0.0390625 0.0265625 0.078125
0 0.10546875 0.084375 0.0375 0.16875
0 0.12890625 0.17109375 0.01875 0.06875
0 0.14453125 0.13828125 0.0203125 0.1109375
0 0.18671875 0.05390625 0.0421875 0.1078125
0 0.2484375 0.02421875 0.01875 0.0484375
0 0.23515625 0.14921875 0.0375 0.1078125
0 0.184375 0.1609375 0.04375 0.1
0 0.20390625 0.2109375 0.0171875 0.0578125
0 0.32578125 0.13125 0.0625 0.2375
0 0.2921875 0.23984375 0.0359375 0.1328125
0 0.28125 0.2796875 0.03125 0.1296875
0 0.33046875 0.309375 0.0328125 0.1375
0 0.56171875 0.1359375 0.090625 0.271875
0 0.6546875 0.196875 0.0703125 0.39375
0 0.77578125 0.35625 0.05625 0.209375
0 0.73515625 0.16328125 0.0359375 0.165625
0 0.696875 0.428125 0.059375 0.15625
0 0.81328125 0.24140625 0.0515625 0.2328125
0 0.809375 0.071875 0.0484375 0.14375
0 0.88359375 0.26328125 0.059375 0.225
0 0.98203125 0.28828125 0.0359375 0.159375
0 0.975 0.43046875 0.05 0.1890625
0 0.94375 0.5734375 0.0703125 0.265625
0 0.76015625 0.53046875 0.0484375 0.203125
0 0.81953125 0.5453125 0.0609375 0.321875
0 0.934375 0.74296875 0.034375 0.1484375
0 0.978125 0.75078125 0.04375 0.225
0 0.95078125 0.89765625 0.04375 0.165625
0 0.87265625 0.825 0.0625 0.1515625
0 0.68671875 0.6734375 0.0390625 0.1171875
0 0.7109375 0.775 0.0390625 0.1203125
0 0.67109375 0.77421875 0.0359375 0.09375
0 0.61015625 0.56640625 0.0265625 0.15625
0 0.55234375 0.434375 0.0453125 0.2765625
0 0.6109375 0.39453125 0.0515625 0.184375
0 0.51640625 0.44140625 0.0375 0.171875
0 0.4046875 0.259375 0.04375 0.15625
0 0.69375 0.55703125 0.059375 0.140625
0 0.64140625 0.553125 0.046875 0.203125
0 0.37109375 0.47578125 0.0328125 0.134375
0 0.36796875 0.59140625 0.0390625 0.1421875
0 0.4046875 0.50390625 0.034375 0.134375
0 0.61328125 0.7046875 0.028125 0.10625
0 0.6296875 0.75859375 0.028125 0.09375
0 0.5921875 0.82890625 0.0390625 0.1515625
0 0.63359375 0.884375 0.034375 0.1453125
0 0.42265625 0.82890625 0.034375 0.1015625
0 0.48515625 0.68359375 0.0296875 0.0859375
0 0.48359375 0.6 0.028125 0.1140625
0 0.565625 0.7859375 0.025 0.1140625
0 0.825 0.81171875 0.0296875 0.109375
0 0.89765625 0.89609375 0.0203125 0.0828125
0 0.44765625 0.615625 0.034375 0.1359375
0 0.2828125 0.7234375 0.021875 0.0640625
0 0.1203125 0.73203125 0.028125 0.090625
0 0.3359375 0.63828125 0.03125 0.1359375
0 0.45078125 0.303125 0.046875 0.1890625
0 0.22265625 0.29140625 0.0328125 0.1375
0 0.521875 0.88515625 0.040625 0.1234375
0 0.8203125 0.91796875 0.0203125 0.10625
0 0.77890625 0.8078125 0.021875 0.075