0 0.50078125 0.1765625 0.1578125 0.353125
0 0.2125 0.14765625 0.178125 0.25
0 0.021875 0.0515625 0.04375 0.103125
0 0.58828125 0.478125 0.0171875 0.109375
0 0.5859375 0.46328125 0.0125 0.0890625
0 0.58515625 0.340625 0.0109375 0.084375
0 0.58671875 0.353125 0.0140625 0.1
0 0.6796875 0.4046875 0.0234375 0.0640625
0 0.6875 0.1453125 0.01875 0.04375
0 0.58671875 0.3203125 0.0140625 0.11875
0 0.6578125 0.4828125 0.05625 0.1125
0 0.58671875 0.26796875 0.0140625 0.0859375
0 0.58515625 0.2625 0.0109375 0.071875
0 0.628125 0.40234375 0.025 0.0953125
0 0.70546875 0.36328125 0.01875 0.06875
0 0.6359375 0.23984375 0.0125 0.03125
0 0.58515625 0.2921875 0.0109375 0.078125
0 0.99296875 0.43515625 0.0140625 0.0421875
0 0.9234375 0.43125 0.0125 0.0359375
0 0.7375 0.47578125 0.0234375 0.1
0 0.7921875 0.4109375 0.075 0.25625
0 0.90859375 0.4671875 0.009375 0.046875
0 0.9234375 0.5171875 0.00625 0.021875
0 0.90859375 0.50625 0.009375 0.040625
0 0.94296875 0.51953125 0.0171875 0.0390625
0 0.95625 0.5296875 0.015625 0.01875
0 0.853125 0.5078125 0.028125 0.0625
0 0.878125 0.53125 0.01875 0.015625
0 0.61015625 0.39453125 0.0609375 0.2890625
0 0.8671875 0.44921875 0.0234375 0.0921875
0 0.83984375 0.44921875 0.009375 0.040625
0 0.846875 0.425 0.0109375 0.0546875
0 0.89140625 0.4359375 0.009375 0.040625
0 0.90390625 0.42890625 0.0109375 0.040625
0 0.91796875 0.4703125 0.0078125 0.0328125
0 0.93203125 0.4609375 0.0125 0.0421875
0 0.940625 0.47578125 0.00625 0.0265625
0 0.94609375 0.48515625 0.0078125 0.015625
0 0.953125 0.45703125 0.0125 0.053125
0 0.95625 0.50625 0.0078125 0.03125
0 0.96015625 0.4984375 0.00625 0.0328125
0 0.97578125 0.48671875 0.0140625 0.0421875
0 0.9890625 0.4859375 0.0109375 0.0515625
0 0.996875 0.48671875 0.00625 0.0296875
0 0.99921875 0.4171875 0.0015625 0.021875
0 0.3875 0.76953125 0.384375 0.4609375
0 0.11953125 0.76953125 0.2390625 0.4609375
0 0.64453125 0.72890625 0.1296875 0.2828125