0 0.4328125 0.29453125 0.071875 0.3640625
0 0.1875 0.27109375 0.178125 0.25
0 0.021875 0.1703125 0.04375 0.1125
0 0.93515625 0.053125 0.1296875 0.10625
0 0.5703125 0.03515625 0.075 0.0703125
0 0.75390625 0.05078125 0.1296875 0.1015625
0 0.6875 0.046875 0.075 0.09375
0 0.49296875 0.12421875 0.0484375 0.2484375
0 0.49609375 0.11796875 0.0546875 0.2359375
0 0.50078125 0.08046875 0.0640625 0.1609375
0 0.50078125 0.06640625 0.0640625 0.1328125
0 0.4890625 0.0265625 0.040625 0.053125
0 0.48828125 0.015625 0.0390625 0.03125
0 0.8171875 0.19140625 0.140625 0.3828125
0 0.9375 0.115625 0.125 0.23125
0 0.58984375 0.01484375 0.0390625 0.0296875
0 0.234375 0.76015625 0.46875 0.4796875
0 0.03828125 0.8828125 0.0765625 0.234375