0 0.07421875 0.090625 0.1484375 0.18125
0 0.21484375 0.0625 0.1765625 0.125
0 0.49921875 0.028125 0.0796875 0.05625
0 0.83828125 0.034375 0.0515625 0.06875
0 0.6453125 0.05078125 0.10625 0.1015625
0 0.56171875 0.03671875 0.0453125 0.0734375
0 0.5625 0.06796875 0.046875 0.1359375
0 0.575 0.053125 0.071875 0.10625
0 0.678125 0.04453125 0.09375 0.0890625
0 0.746875 0.04609375 0.0625 0.0921875
0 0.94765625 0.0703125 0.1046875 0.140625
0 0.559375 0.025 0.040625 0.05
0 0.82578125 0.01484375 0.0453125 0.0296875
0 0.7859375 0.015625 0.028125 0.03125
0 0.71328125 0.01171875 0.0359375 0.0234375
0 0.61875 0.01875 0.03125 0.0375
0 0.640625 0.021875 0.01875 0.034375
0 0.5484375 0.034375 0.01875 0.06875
0 0.55546875 0.03359375 0.0328125 0.0671875
0 0.56953125 0.04765625 0.0609375 0.0953125
0 0.26953125 0.6796875 0.5390625 0.640625
0 0.76953125 0.6796875 0.4609375 0.640625