0 0.1140625 0.2890625 0.228125 0.340625
0 0.7625 0.22109375 0.275 0.31875
0 0.234375 0.640625 0.46875 0.3625
0 0.51328125 0.53671875 0.0890625 0.1546875
0 0.5421875 0.52734375 0.10625 0.1359375
0 0.51640625 0.675 0.0921875 0.1921875
0 0.49921875 0.63828125 0.0609375 0.2171875
0 0.790625 0.68828125 0.178125 0.3453125
0 0.95703125 0.52578125 0.0859375 0.1328125
0 0.946875 0.6140625 0.10625 0.309375
0 0.5109375 0.8625 0.084375 0.234375
0 0.92109375 0.82109375 0.0640625 0.1765625
0 0.89453125 0.921875 0.1046875 0.15625
0 0.97578125 0.95390625 0.0484375 0.0921875