0 0.0609375 0.19453125 0.121875 0.3890625
0 0.53359375 0.209375 0.2484375 0.359375
0 0.8921875 0.22421875 0.215625 0.3296875
0 0.653125 0.43359375 0.053125 0.0890625
0 0.653125 0.42578125 0.034375 0.0734375
0 0.7265625 0.72734375 0.0421875 0.103125
0 0.690625 0.51015625 0.0609375 0.153125
0 0.7046875 0.42421875 0.046875 0.0703125
0 0.55625 0.41484375 0.0375 0.0515625
0 0.60546875 0.42890625 0.0453125 0.0796875
0 0.59453125 0.41171875 0.0359375 0.0453125
0 0.6546875 0.61953125 0.0453125 0.1078125
0 0.6046875 0.41328125 0.034375 0.0484375
0 0.58671875 0.66640625 0.053125 0.1015625
0 0.46328125 0.43515625 0.0515625 0.0921875
0 0.5109375 0.41171875 0.046875 0.0453125
0 0.753125 0.42265625 0.046875 0.0671875
0 0.509375 0.40703125 0.040625 0.0359375
0 0.53046875 0.4171875 0.0265625 0.05625
0 0.6984375 0.8625 0.0625 0.1453125
0 0.8203125 0.62421875 0.08125 0.1765625
0 0.8640625 0.48984375 0.0828125 0.1265625
0 0.91640625 0.80546875 0.134375 0.1125
0 0.43046875 0.47109375 0.0421875 0.1640625
0 0.534375 0.48125 0.0765625 0.1234375
0 0.50546875 0.62421875 0.0671875 0.1234375
0 0.4375 0.57109375 0.05625 0.1234375
0 0.43515625 0.740625 0.0515625 0.1
0 0.9234375 0.62890625 0.09375 0.1734375
0 0.91328125 0.4484375 0.1328125 0.11875
0 0.80703125 0.428125 0.0578125 0.078125
0 0.959375 0.5453125 0.08125 0.121875
0 0.7984375 0.91484375 0.053125 0.096875
0 0.6140625 0.975 0.046875 0.05
0 0.609375 0.890625 0.0453125 0.125
0 0.65234375 0.928125 0.04375 0.13125
0 0.42265625 0.4125 0.0265625 0.046875
0 0.42890625 0.428125 0.0390625 0.078125
0 0.76328125 0.490625 0.0421875 0.1078125