0 0.078125 0.26953125 0.15625 0.5390625
0 0.3078125 0.25234375 0.2625 0.5046875
0 0.7953125 0.0125 0.0625 0.025
0 0.60078125 0.19609375 0.065625 0.125
0 0.48046875 0.1046875 0.0828125 0.11875
0 0.5390625 0.1921875 0.0546875 0.0796875
0 0.64140625 0.04453125 0.0796875 0.0890625
0 0.725 0.06328125 0.0609375 0.11875
0 0.8265625 0.0578125 0.078125 0.115625
0 0.890625 0.0515625 0.0875 0.103125
0 0.9671875 0.05 0.065625 0.1
0 0.8453125 0.4828125 0.065625 0.1125
0 0.90390625 0.42890625 0.059375 0.1046875
0 0.84921875 0.371875 0.0578125 0.096875
0 0.871875 0.2765625 0.0640625 0.1015625
0 0.88203125 0.16171875 0.1078125 0.1015625
0 0.921875 0.0875 0.109375 0.125
0 0.809375 0.24296875 0.0578125 0.1390625
0 0.7515625 0.20625 0.071875 0.1359375
0 0.78359375 0.353125 0.0609375 0.1140625
0 0.72734375 0.3 0.059375 0.0828125
0 0.7078125 0.36484375 0.05 0.084375
0 0.659375 0.43359375 0.0765625 0.11875
0 0.5921875 0.3359375 0.0796875 0.0921875
0 0.50078125 0.278125 0.096875 0.1359375
0 0.45703125 0.2578125 0.0359375 0.096875
0 0.5046875 0.046875 0.109375 0.09375
0 0.690625 0.02890625 0.06875 0.0578125
0 0.75 0.03046875 0.078125 0.0609375
0 0.4578125 0.02734375 0.0375 0.0546875
0 0.46015625 0.02734375 0.0421875 0.0546875
0 0.453125 0.0203125 0.028125 0.040625
0 0.46640625 0.02890625 0.0546875 0.0578125
0 0.49140625 0.38203125 0.1046875 0.1140625
0 0.465625 0.55078125 0.053125 0.0703125
0 0.51015625 0.4984375 0.0578125 0.0703125
0 0.59609375 0.4796875 0.1 0.165625
0 0.79140625 0.515625 0.0578125 0.09375
0 0.709375 0.50390625 0.075 0.0890625
0 0.6015625 0.5890625 0.075 0.059375
0 0.74609375 0.58125 0.0890625 0.075
0 0.82734375 0.5921875 0.0578125 0.053125
0 0.14765625 0.809375 0.2953125 0.38125
0 0.353125 0.809375 0.171875 0.38125
0 0.06015625 0.809375 0.1203125 0.38125
0 0.03671875 0.74140625 0.0734375 0.2453125
0 0.54765625 0.6984375 0.1765625 0.159375