0 0.40234375 0.2890625 0.2734375 0.4
0 0.121875 0.29375 0.24375 0.390625
0 0.89765625 0.05 0.0578125 0.1
0 0.9140625 0.040625 0.04375 0.08125
0 0.95546875 0.05546875 0.0578125 0.1109375
0 0.7296875 0.02109375 0.0375 0.0421875
0 0.8140625 0.05390625 0.084375 0.1078125
0 0.7484375 0.0453125 0.04375 0.090625
0 0.78125 0.01875 0.021875 0.0375
0 0.825 0.06953125 0.034375 0.1390625
0 0.8703125 0.028125 0.028125 0.05625
0 0.81015625 0.02421875 0.0359375 0.0484375
0 0.86796875 0.06640625 0.0421875 0.1328125
0 0.8984375 0.1 0.0421875 0.159375
0 0.96953125 0.13828125 0.0546875 0.1328125
0 0.64296875 0.034375 0.0578125 0.06875
0 0.6953125 0.02578125 0.0375 0.0515625
0 0.7015625 0.0296875 0.04375 0.059375
0 0.58671875 0.01484375 0.0328125 0.0296875
0 0.54921875 0.0109375 0.0203125 0.021875
0 0.559375 0.03984375 0.040625 0.0796875
0 0.59140625 0.03046875 0.0296875 0.0609375
0 0.62109375 0.02890625 0.0328125 0.0578125
0 0.6578125 0.0265625 0.03125 0.053125
0 0.71484375 0.03046875 0.0328125 0.0609375
0 0.753125 0.03671875 0.034375 0.0734375
0 0.546875 0.02890625 0.015625 0.0578125
0 0.54453125 0.0203125 0.0109375 0.040625
0 0.5578125 0.04375 0.0375 0.0875
0 0.5453125 0.028125 0.0125 0.05625
0 0.55078125 0.02890625 0.0234375 0.0578125
0 0.55078125 0.03984375 0.0234375 0.0796875
0 0.62109375 0.03203125 0.0328125 0.0640625
0 0.58515625 0.0265625 0.0390625 0.053125
0 0.65703125 0.0390625 0.0359375 0.078125
0 0.69375 0.0671875 0.03125 0.109375
0 0.771875 0.09453125 0.05 0.121875
0 0.81328125 0.16171875 0.0390625 0.0890625
0 0.97421875 0.21484375 0.0515625 0.1109375
0 0.5515625 0.03828125 0.025 0.0765625
0 0.54375 0.0140625 0.009375 0.028125
0 0.5453125 0.0203125 0.0125 0.040625
0 0.55 0.03046875 0.021875 0.0609375
0 0.54375 0.03515625 0.009375 0.0703125
0 0.54453125 0.03515625 0.0109375 0.0703125
0 0.58515625 0.06796875 0.0328125 0.1359375
0 0.62109375 0.08359375 0.0375 0.11875
0 0.56015625 0.046875 0.0421875 0.09375
0 0.54921875 0.021875 0.0203125 0.04375
0 0.55234375 0.04296875 0.0265625 0.0859375
0 0.54609375 0.04375 0.0140625 0.0875
0 0.55078125 0.06875 0.0234375 0.1375
0 0.5453125 0.06875 0.0125 0.06875
0 0.54921875 0.26171875 0.0203125 0.1484375
0 0.65703125 0.20234375 0.0234375 0.1
0 0.6078125 0.171875 0.03125 0.065625
0 0.59140625 0.24921875 0.034375 0.1
0 0.7765625 0.21640625 0.028125 0.090625
0 0.81171875 0.23359375 0.028125 0.0703125
0 0.8765625 0.26328125 0.0234375 0.0796875
0 0.921875 0.19765625 0.0390625 0.1015625
0 0.85703125 0.18125 0.03125 0.084375
0 0.684375 0.35234375 0.0234375 0.0796875
0 0.703125 0.390625 0.0203125 0.05625
0 0.92578125 0.475 0.0265625 0.028125
0 0.54921875 0.115625 0.0203125 0.103125
0 0.5453125 0.3578125 0.0125 0.103125
0 0.5484375 0.17734375 0.01875 0.0984375
0 0.5453125 0.14375 0.0125 0.09375
0 0.55546875 0.1671875 0.028125 0.090625
0 0.5484375 0.20078125 0.01875 0.0984375
0 0.55078125 0.09609375 0.0234375 0.1609375
0 0.546875 0.35 0.015625 0.06875
0 0.54453125 0.4171875 0.0109375 0.078125
0 0.65703125 0.38671875 0.015625 0.0671875
0 0.68671875 0.2671875 0.021875 0.078125
0 0.65625 0.29765625 0.01875 0.0671875
0 0.68828125 0.18125 0.0171875 0.059375
0 0.54375 0.08984375 0.009375 0.0671875
0 0.54609375 0.12109375 0.0140625 0.1296875
0 0.54453125 0.053125 0.0109375 0.090625
0 0.54609375 0.1375 0.0140625 0.09375
0 0.5453125 0.25234375 0.0125 0.0796875
0 0.54453125 0.2578125 0.0109375 0.0625
0 0.5453125 0.384375 0.0125 0.059375
0 0.55703125 0.35546875 0.0234375 0.0734375
0 0.58984375 0.346875 0.025 0.0828125
0 0.54453125 0.303125 0.0109375 0.0875
0 0.81875 0.4125 0.015625 0.0578125
0 0.77109375 0.39609375 0.0203125 0.065625
0 0.621875 0.32265625 0.034375 0.1
0 0.97421875 0.45 0.0125 0.034375
0 0.93203125 0.29453125 0.0203125 0.075
0 0.9140625 0.32421875 0.01875 0.0609375
0 0.8546875 0.25625 0.0234375 0.0671875
0 0.83203125 0.27421875 0.0234375 0.071875
0 0.81328125 0.30078125 0.0234375 0.0640625
0 0.76796875 0.2859375 0.015625 0.053125
0 0.73125 0.24140625 0.028125 0.0703125
0 0.734375 0.17421875 0.0140625 0.053125
0 0.99296875 0.29453125 0.0140625 0.0546875
0 0.98359375 0.32265625 0.021875 0.071875
0 0.93984375 0.334375 0.01875 0.05
0 0.9578125 0.3359375 0.0125 0.0421875
0 0.8921875 0.2953125 0.0203125 0.075
0 0.8625 0.34765625 0.0140625 0.06875
0 0.928125 0.378125 0.0125 0.053125
0 0.98828125 0.3796875 0.0234375 0.05
0 0.99140625 0.46328125 0.0109375 0.0265625
0 0.54765625 0.1921875 0.0171875 0.071875
0 0.54453125 0.221875 0.0109375 0.075
0 0.740625 0.3265625 0.0171875 0.053125
0 0.7265625 0.30625 0.0171875 0.040625
0 0.71015625 0.27734375 0.021875 0.0578125
0 0.72109375 0.35 0.0203125 0.06875
0 0.8015625 0.46328125 0.0125 0.0515625
0 0.684375 0.43203125 0.01875 0.0734375
0 0.70078125 0.4453125 0.0171875 0.0609375
0 0.94609375 0.47109375 0.0171875 0.0359375
0 0.54453125 0.36875 0.0109375 0.059375
0 0.62578125 0.44296875 0.01875 0.0765625
0 0.88359375 0.3953125 0.0265625 0.075
0 0.94375 0.3859375 0.01875 0.0546875
0 0.26953125 0.74453125 0.5390625 0.5109375
0 0.6296875 0.79453125 0.18125 0.4109375
0 0.84609375 0.7859375 0.3078125 0.428125