0 0.0765625 0.4546875 0.153125 0.65
0 0.0859375 0.47109375 0.171875 0.6171875
0 0.33125 0.4703125 0.275 0.596875
0 0.54296875 0.165625 0.0421875 0.0859375
0 0.5625 0.4375 0.0546875 0.1328125
0 0.58984375 0.12890625 0.040625 0.1109375
0 0.5546875 0.26328125 0.0453125 0.0859375
0 0.953125 0.75703125 0.05625 0.0453125
0 0.7328125 0.0203125 0.03125 0.040625
0 0.5125 0.30703125 0.0546875 0.1015625
0 0.99140625 0.02109375 0.0171875 0.0421875
0 0.8859375 0.0171875 0.040625 0.034375
0 0.8125 0.01953125 0.034375 0.0390625
0 0.64765625 0.44375 0.04375 0.09375
0 0.7546875 0.409375 0.0484375 0.1140625
0 0.896875 0.65859375 0.0625 0.15
0 0.97265625 0.646875 0.0546875 0.1484375
0 0.63125 0.56328125 0.0453125 0.11875
0 0.53984375 0.65546875 0.0578125 0.1
0 0.01328125 0.85078125 0.0265625 0.1421875
0 0.01328125 0.8515625 0.0265625 0.14375
0 0.4375 0.88984375 0.0625 0.2203125
0 0.12734375 0.8390625 0.0609375 0.11875
0 0.02421875 0.85390625 0.0484375 0.1484375
0 0.22890625 0.83828125 0.0765625 0.1171875
0 0.31328125 0.83359375 0.0515625 0.1078125
0 0.36640625 0.8453125 0.0421875 0.13125
0 0.4015625 0.8109375 0.034375 0.0625
0 0.35390625 0.8078125 0.0265625 0.05625
0 0.30859375 0.82578125 0.0484375 0.0921875
0 0.79921875 0.88984375 0.4015625 0.2203125