0 0.20859375 0.3140625 0.0609375 0.409375
0 0.078125 0.33046875 0.15625 0.3765625
0 0.06875 0.33515625 0.1375 0.3671875
0 0.33125 0.05546875 0.04375 0.1109375
0 0.52421875 0.09609375 0.0734375 0.1921875
0 0.24765625 0.04609375 0.0171875 0.0921875
0 0.61015625 0.078125 0.0765625 0.15625
0 0.78203125 0.0828125 0.0828125 0.165625
0 0.70078125 0.08125 0.0671875 0.1625
0 0.96875 0.09375 0.0625 0.1875
0 0.896875 0.0921875 0.084375 0.184375
0 0.0515625 0.753125 0.103125 0.465625
0 0.040625 0.76171875 0.08125 0.4703125
0 0.034375 0.765625 0.06875 0.45
0 0.21015625 0.76171875 0.0578125 0.4609375
0 0.10546875 0.765625 0.121875 0.4484375
0 0.028125 0.75546875 0.05625 0.4484375
0 0.3234375 0.57421875 0.04375 0.1109375
0 0.51640625 0.61484375 0.0734375 0.1921875
0 0.24765625 0.56484375 0.0171875 0.0921875
0 0.60234375 0.596875 0.0765625 0.15625
0 0.77421875 0.6015625 0.0828125 0.165625
0 0.69296875 0.6 0.0671875 0.1625
0 0.96484375 0.6125 0.0703125 0.1875
0 0.8890625 0.6109375 0.084375 0.184375