0 0.121875 0.2703125 0.24375 0.378125
0 0.3265625 0.28671875 0.125 0.3453125
0 0.69453125 0.2296875 0.6109375 0.459375
0 0.42734375 0.35078125 0.0765625 0.2171875
0 0.1421875 0.5453125 0.078125 0.171875
0 0.453125 0.7296875 0.128125 0.540625
0 0.4125 0.54453125 0.046875 0.1703125
0 0.440625 0.66640625 0.103125 0.4140625
0 0.54921875 0.57890625 0.0609375 0.13125
0 0.6390625 0.56796875 0.08125 0.0828125
0 0.70859375 0.575 0.0515625 0.1015625
0 0.78359375 0.56328125 0.0796875 0.159375
0 0.91640625 0.5609375 0.1671875 0.203125