0 0.0421875 0.4390625 0.084375 0.140625
0 0.065625 0.440625 0.13125 0.1375
0 0.028125 0.446875 0.05625 0.125
0 0.24609375 0.41015625 0.0671875 0.1984375
0 0.19609375 0.43515625 0.1296875 0.1484375
0 0.03125 0.31328125 0.0625 0.1421875
0 0.246875 0.2546875 0.065625 0.509375
0 0.0640625 0.6109375 0.128125 0.203125
0 0.6984375 0.65859375 0.16875 0.2984375
0 0.35546875 0.5515625 0.0703125 0.084375
0 0.928125 0.6640625 0.14375 0.309375
0 0.54921875 0.571875 0.0703125 0.125
0 0.77265625 0.5375 0.0515625 0.05625
0 0.50078125 0.5515625 0.0609375 0.084375
0 0.4203125 0.553125 0.065625 0.0875
0 0.29296875 0.5609375 0.0265625 0.103125
0 0.3109375 0.55234375 0.0625 0.0859375
0 0.3875 0.55703125 0.08125 0.0953125
0 0.3 0.55859375 0.040625 0.0984375
0 0.29921875 0.55234375 0.0390625 0.0859375