0 0.0421875 0.334375 0.084375 0.190625
0 0.18359375 0.33125 0.1375 0.1765625
0 0.028125 0.33515625 0.05625 0.1609375
0 0.38125 0.29140625 0.096875 0.2203125
0 0.3171875 0.31875 0.1296875 0.175
0 0.06640625 0.18359375 0.125 0.1421875
0 0.7171875 0.4640625 0.084375 0.43125
0 0.9375 0.5734375 0.075 0.2125
0 0.546875 0.478125 0.096875 0.403125
0 0.45390625 0.51328125 0.0484375 0.3328125
0 0.628125 0.47890625 0.078125 0.4015625
0 0.853125 0.5953125 0.053125 0.16875
0 0.80078125 0.56328125 0.0421875 0.2328125
0 0.76484375 0.43125 0.0328125 0.125
0 0.8125 0.40390625 0.0265625 0.1109375
0 0.8578125 0.434375 0.0484375 0.184375
0 0.2046875 0.6984375 0.046875 0.0375
0 0.01328125 0.8390625 0.0265625 0.071875
0 0.20234375 0.9515625 0.053125 0.0828125
0 0.271875 0.69921875 0.05625 0.0390625
0 0.19375 0.809375 0.04375 0.0703125
0 0.33515625 0.853125 0.05 0.0640625
0 0.26875 0.69609375 0.040625 0.0328125
0 0.0078125 0.69609375 0.015625 0.0328125
0 0.2109375 0.7015625 0.040625 0.04375
0 0.196875 0.71484375 0.05 0.0703125
0 0.01328125 0.81640625 0.0265625 0.0765625
0 0.009375 0.70234375 0.01875 0.0453125
0 0.00859375 0.69609375 0.0171875 0.0328125
0 0.409375 0.7671875 0.040625 0.065625
0 0.009375 0.78359375 0.01875 0.0640625
0 0.01328125 0.9078125 0.0265625 0.090625
0 0.01171875 0.96875 0.0234375 0.0625
0 0.1640625 0.69765625 0.0375 0.0359375
0 0.015625 0.9546875 0.03125 0.075
0 0.01015625 0.9359375 0.0203125 0.096875
0 0.01171875 0.865625 0.0234375 0.075
0 0.009375 0.96640625 0.01875 0.0671875
0 0.01171875 0.8671875 0.0234375 0.090625
0 0.0078125 0.69609375 0.015625 0.0328125
0 0.3640625 0.7109375 0.040625 0.0625
0 0.009375 0.7578125 0.01875 0.065625
0 0.17109375 0.7 0.0390625 0.040625
0 0.2703125 0.83984375 0.05625 0.0859375
0 0.00859375 0.69765625 0.0171875 0.0359375
0 0.23203125 0.69296875 0.0265625 0.0265625
0 0.14765625 0.7 0.0328125 0.040625
0 0.009375 0.7421875 0.01875 0.084375
0 0.29140625 0.70078125 0.0515625 0.0421875
0 0.00859375 0.696875 0.0171875 0.034375
0 0.3578125 0.69453125 0.046875 0.0296875
0 0.00859375 0.77109375 0.0171875 0.0734375
0 0.2421875 0.78515625 0.0453125 0.071875
0 0.00703125 0.69921875 0.0140625 0.0390625
0 0.0125 0.89375 0.025 0.071875
0 0.009375 0.92890625 0.01875 0.0890625
0 0.12265625 0.69609375 0.0359375 0.0328125
0 0.0078125 0.69921875 0.015625 0.0390625
0 0.009375 0.86328125 0.01875 0.0765625
0 0.01328125 0.7171875 0.0265625 0.075
0 0.01328125 0.95390625 0.0265625 0.0921875
0 0.13359375 0.69765625 0.0265625 0.0359375
0 0.0078125 0.7046875 0.015625 0.05
0 0.01015625 0.6984375 0.0203125 0.0375
0 0.2890625 0.93671875 0.0515625 0.1046875
0 0.2484375 0.69453125 0.028125 0.0296875
0 0.36953125 0.6953125 0.0296875 0.03125
0 0.009375 0.72890625 0.01875 0.0703125
0 0.4109375 0.69453125 0.0375 0.0296875
0 0.01015625 0.71015625 0.0203125 0.0609375
0 0.15703125 0.7 0.0328125 0.040625
0 0.0109375 0.83828125 0.021875 0.0796875
0 0.00859375 0.71328125 0.0171875 0.0671875
0 0.009375 0.73203125 0.01875 0.0734375
0 0.01015625 0.79765625 0.0203125 0.0640625
0 0.01328125 0.7625 0.0265625 0.06875
0 0.009375 0.81953125 0.01875 0.0765625
0 0.2109375 0.69765625 0.03125 0.0359375
0 0.2421875 0.6953125 0.025 0.03125
0 0.00859375 0.69453125 0.0171875 0.0296875
0 0.9375 0.92109375 0.125 0.1453125