0 0.0421875 0.1765625 0.084375 0.184375
0 0.2390625 0.18125 0.1375 0.175
0 0.04296875 0.17890625 0.0859375 0.1609375
0 0.47578125 0.18984375 0.1734375 0.1578125
0 0.37265625 0.18828125 0.1296875 0.1609375
0 0.525 0.1859375 0.26875 0.165625
0 0.93828125 0.11875 0.1234375 0.2375
0 0.60078125 0.66875 0.0546875 0.284375
0 0.5359375 0.67734375 0.0546875 0.290625
0 0.0390625 0.6 0.078125 0.478125
0 0.3578125 0.69296875 0.059375 0.2375
0 0.47109375 0.67890625 0.06875 0.296875
0 0.25703125 0.69765625 0.075 0.2359375
0 0.02421875 0.62421875 0.0484375 0.4703125
0 0.01796875 0.65 0.0359375 0.38125
0 0.01953125 0.62421875 0.0390625 0.4671875
0 0.17265625 0.73203125 0.053125 0.215625
0 0.11953125 0.690625 0.0421875 0.2625
0 0.08359375 0.54375 0.0328125 0.125
0 0.13125 0.51640625 0.0265625 0.1109375
0 0.1765625 0.546875 0.0484375 0.184375