0 0.0421875 0.1484375 0.084375 0.190625
0 0.18984375 0.1515625 0.1375 0.1765625
0 0.028125 0.14765625 0.05625 0.1609375
0 0.4265625 0.190625 0.1734375 0.2203125
0 0.3234375 0.1640625 0.1296875 0.175
0 0.07265625 0.29921875 0.125 0.140625
0 0.4546875 0.35546875 0.228125 0.5671875
0 0.9296875 0.5125 0.140625 0.253125
0 0.3 0.93203125 0.059375 0.1359375
0 0.34765625 0.94609375 0.0421875 0.1078125
0 0.39765625 0.946875 0.0578125 0.10625
0 0.453125 0.93828125 0.04375 0.1234375
0 0.3375 0.67265625 0.065625 0.0671875
0 0.4015625 0.66953125 0.04375 0.0609375
0 0.44921875 0.66484375 0.0421875 0.0515625
0 0.55390625 0.675 0.0296875 0.071875
0 0.503125 0.68125 0.0625 0.084375
0 0.553125 0.67578125 0.03125 0.0734375
0 0.5296875 0.8140625 0.0703125 0.159375
0 0.4515625 0.76484375 0.0625 0.2265625
0 0.3484375 0.66171875 0.0375 0.0453125
0 0.10546875 0.66796875 0.0671875 0.0578125
0 0.03359375 0.6984375 0.0671875 0.11875
0 0.146875 0.67734375 0.046875 0.0765625
0 0.2828125 0.7125 0.065625 0.146875
0 0.20859375 0.69453125 0.0671875 0.1109375
0 0.209375 0.66484375 0.03125 0.0515625
0 0.16171875 0.79296875 0.059375 0.15
0 0.2296875 0.8265625 0.059375 0.1734375
0 0.284375 0.80234375 0.0546875 0.140625
0 0.3375 0.76796875 0.0484375 0.1890625
0 0.37578125 0.79140625 0.040625 0.209375
0 0.01484375 0.659375 0.0296875 0.040625
0 0.06484375 0.815625 0.04375 0.1859375
0 0.19609375 0.896875 0.0390625 0.1125
0 0.10859375 0.8390625 0.0484375 0.1734375
0 0.015625 0.84296875 0.03125 0.1546875
0 0.0125 0.859375 0.025 0.128125
0 0.0140625 0.96171875 0.028125 0.0765625
0 0.01171875 0.93984375 0.021875 0.0578125
0 0.009375 0.94921875 0.01875 0.0671875
0 0.04375 0.9828125 0.03125 0.034375
0 0.21171875 0.971875 0.0484375 0.05625
0 0.15703125 0.97265625 0.0515625 0.0546875
0 0.4828125 0.97109375 0.03125 0.0578125
0 0.50859375 0.9171875 0.04375 0.0890625
0 0.51875 0.97109375 0.028125 0.0578125
0 0.54296875 0.97109375 0.0265625 0.0578125
0 0.56015625 0.9765625 0.0171875 0.046875