0 0.0640625 0.253125 0.128125 0.371875
0 0.73125 0.28671875 0.515625 0.3046875
0 0.10390625 0.61953125 0.2078125 0.3609375
0 0.30625 0.6140625 0.16875 0.35
0 0.440625 0.621875 0.0375 0.365625
0 0.30859375 0.9453125 0.1671875 0.109375
0 0.62578125 0.7515625 0.0921875 0.221875
0 0.59921875 0.928125 0.0671875 0.14375
0 0.60234375 0.50703125 0.0671875 0.1359375
0 0.47421875 0.49140625 0.0296875 0.1046875
0 0.62265625 0.546875 0.0703125 0.215625
0 0.91171875 0.7421875 0.065625 0.2203125
0 0.7203125 0.75859375 0.0828125 0.16875
0 0.49296875 0.934375 0.0671875 0.13125
0 0.68984375 0.5234375 0.0609375 0.16875
0 0.484375 0.54609375 0.05 0.2140625
0 0.7484375 0.4796875 0.059375 0.08125
0 0.81328125 0.53125 0.0734375 0.184375
0 0.48125 0.7546875 0.04375 0.26875
0 0.75703125 0.496875 0.0640625 0.115625
0 0.503125 0.68828125 0.0875 0.3953125
0 0.671875 0.95390625 0.084375 0.0921875
0 0.77578125 0.66640625 0.05625 0.128125
0 0.475 0.79140625 0.03125 0.2046875
0 0.96796875 0.83046875 0.0640625 0.3078125
0 0.48046875 0.5546875 0.0421875 0.23125
0 0.74453125 0.56484375 0.0578125 0.2015625
0 0.82421875 0.5484375 0.0609375 0.21875
0 0.703125 0.87890625 0.0921875 0.2234375
0 0.4890625 0.5828125 0.059375 0.259375
0 0.5203125 0.51171875 0.09375 0.1453125
0 0.49375 0.61640625 0.06875 0.2953125
0 0.95234375 0.465625 0.0359375 0.053125
0 0.97734375 0.46328125 0.0265625 0.0484375
0 0.72890625 0.46796875 0.0640625 0.0578125
0 0.78359375 0.98671875 0.0890625 0.0265625
0 0.9234375 0.46328125 0.034375 0.0484375
0 0.5015625 0.915625 0.084375 0.16875
0 0.878125 0.49375 0.05 0.109375
0 0.93359375 0.48671875 0.0515625 0.0953125
0 0.96640625 0.54765625 0.0671875 0.2171875
0 0.98046875 0.475 0.0390625 0.071875
0 0.85390625 0.87578125 0.05625 0.2046875
0 0.79296875 0.8359375 0.0640625 0.2671875