0 0.09609375 0.19765625 0.1921875 0.3953125
0 0.74765625 0.53203125 0.0171875 0.0953125
0 0.7453125 0.52421875 0.0125 0.0890625
0 0.74453125 0.4015625 0.0109375 0.084375
0 0.74609375 0.4140625 0.0140625 0.1
0 0.7828125 0.465625 0.0234375 0.0640625
0 0.790625 0.20625 0.01875 0.04375
0 0.74609375 0.38125 0.0140625 0.11875
0 0.7640625 0.53359375 0.05 0.0921875
0 0.74609375 0.32890625 0.0140625 0.0859375
0 0.74453125 0.3234375 0.0109375 0.071875
0 0.7453125 0.4625 0.0125 0.09375
0 0.80859375 0.42421875 0.01875 0.06875
0 0.7421875 0.3 0.00625 0.03125
0 0.74453125 0.353125 0.0109375 0.078125
0 0.83984375 0.5328125 0.0234375 0.09375
0 0.8953125 0.46171875 0.075 0.2359375
0 0.95625 0.55859375 0.028125 0.0421875
0 0.76953125 0.4453125 0.0609375 0.26875
0 0.9703125 0.51015625 0.0234375 0.0921875
0 0.94296875 0.51015625 0.009375 0.040625
0 0.95 0.4859375 0.0109375 0.0546875
0 0.99453125 0.496875 0.009375 0.040625
0 0.821875 0.78515625 0.165625 0.4109375