0 0.7171875 0.1953125 0.059375 0.1640625
0 0.76484375 0.1765625 0.0421875 0.146875
0 0.815625 0.1828125 0.0578125 0.1296875
0 0.87109375 0.20078125 0.04375 0.1296875
0 0.81875 0.553125 0.04375 0.03125
0 0.9203125 0.50703125 0.0625 0.1234375
0 0.97734375 0.48984375 0.0453125 0.1234375
0 0.990625 0.26171875 0.01875 0.1109375
0 0.946875 0.328125 0.0703125 0.159375
0 0.86875 0.37734375 0.0625 0.2265625
0 0.765625 0.51640625 0.0375 0.090625
0 0.4859375 0.478125 0.053125 0.18125
0 0.5640625 0.496875 0.046875 0.14375
0 0.7 0.46171875 0.065625 0.2140625
0 0.62578125 0.4796875 0.0671875 0.178125
0 0.57890625 0.34921875 0.059375 0.1484375
0 0.646875 0.315625 0.059375 0.1734375
0 0.7015625 0.33984375 0.0546875 0.140625
0 0.7546875 0.37421875 0.0484375 0.190625
0 0.79296875 0.35078125 0.040625 0.209375
0 0.48203125 0.3265625 0.04375 0.184375
0 0.61328125 0.2453125 0.0390625 0.1125
0 0.52578125 0.303125 0.0484375 0.1734375
0 0.475 0.2984375 0.03125 0.153125
0 0.471875 0.2828125 0.025 0.128125
0 0.4734375 0.14453125 0.028125 0.1453125
0 0.46484375 0.20234375 0.0109375 0.0578125
0 0.46875 0.19140625 0.01875 0.0671875
0 0.4703125 0.1125 0.021875 0.121875
0 0.46796875 0.1296875 0.0171875 0.090625
0 0.62890625 0.09921875 0.0484375 0.1984375
0 0.57421875 0.0984375 0.0515625 0.196875
0 0.68671875 0.09375 0.0421875 0.1328125
0 0.73046875 0.08359375 0.0390625 0.109375
0 0.9 0.15390625 0.03125 0.0921875
0 0.92578125 0.225 0.04375 0.0890625
0 0.9359375 0.1625 0.028125 0.075
0 0.9609375 0.15078125 0.0265625 0.0984375
0 0.9828125 0.1359375 0.028125 0.10625
0 0.98984375 0.10703125 0.0203125 0.1015625
0 0.98984375 0.03671875 0.0203125 0.0734375
0 0.46796875 0.04375 0.0171875 0.0875
0 0.47421875 0.03203125 0.0296875 0.0640625
0 0.46796875 0.02578125 0.0171875 0.0515625
0 0.76953125 0.0375 0.0296875 0.075
0 0.81953125 0.0890625 0.0421875 0.078125
0 0.89375 0.07578125 0.0296875 0.0734375
0 0.94296875 0.0859375 0.028125 0.0859375
0 0.95234375 0.02421875 0.0265625 0.0484375
0 0.90625 0.03125 0.03125 0.0625
0 0.92734375 0.028125 0.0234375 0.05625
0 0.875 0.0265625 0.028125 0.053125
0 0.8359375 0.03046875 0.04375 0.0609375
0 0.80703125 0.03125 0.0421875 0.0625
0 0.72109375 0.02734375 0.0453125 0.0546875
0 0.68203125 0.02890625 0.0328125 0.0578125
0 0.65234375 0.02734375 0.0390625 0.0546875
0 0.61953125 0.01953125 0.0296875 0.0390625
0 0.57109375 0.01875 0.0421875 0.0375
0 0.5890625 0.02109375 0.034375 0.0421875
0 0.6921875 0.01953125 0.025 0.0390625
0 0.78125 0.0203125 0.034375 0.040625
0 0.9125 0.0265625 0.034375 0.053125
0 0.8359375 0.02265625 0.03125 0.0453125
0 0.8671875 0.01875 0.03125 0.0375
0 0.834375 0.021875 0.03125 0.04375
0 0.94765625 0.02890625 0.0390625 0.0578125
0 0.97734375 0.01484375 0.0296875 0.0296875
0 0.990625 0.0125 0.01875 0.025
0 0.96875 0.01171875 0.01875 0.0234375
0 0.46796875 0.02421875 0.0171875 0.0484375
0 0.46640625 0.01796875 0.0140625 0.0359375
0 0.94375 0.01484375 0.021875 0.0296875
0 0.8984375 0.01953125 0.028125 0.0390625
0 0.25859375 0.7484375 0.3765625 0.359375
0 0.834375 0.91640625 0.1625 0.1671875