0 0.0875 0.259375 0.16875 0.4
0 0.4296875 0.14609375 0.0703125 0.16875
0 0.04921875 0.24453125 0.0984375 0.4296875
0 0.23671875 0.1453125 0.0703125 0.2515625
0 0.01953125 0.028125 0.0390625 0.05625
0 0.284375 0.1046875 0.0609375 0.1703125
0 0.36484375 0.1390625 0.065625 0.1765625
0 0.47578125 0.15234375 0.065625 0.1734375
0 0.39765625 0.14296875 0.08125 0.190625
0 0.52421875 0.1640625 0.0296875 0.196875
0 0.50234375 0.1484375 0.0734375 0.171875
0 0.76953125 0.2296875 0.4609375 0.459375
0 0.11328125 0.58515625 0.2265625 0.2515625
0 0.57265625 0.5296875 0.0671875 0.140625
0 0.67734375 0.7296875 0.2765625 0.540625
0 0.93984375 0.5359375 0.1203125 0.153125