0 0.2984375 0.3140625 0.275 0.33125
0 0.69453125 0.28125 0.0703125 0.396875
0 0.98984375 0.3875 0.0203125 0.184375
0 0.9078125 0.390625 0.075 0.178125
0 0.68359375 0.2953125 0.0484375 0.36875
0 0.67734375 0.33046875 0.0359375 0.2984375
0 0.67890625 0.29609375 0.0390625 0.3671875
0 0.8234375 0.4125 0.053125 0.134375
0 0.77109375 0.38046875 0.0421875 0.1984375
0 0.73515625 0.265625 0.0328125 0.125
0 0.7828125 0.23828125 0.0265625 0.1109375
0 0.828125 0.26875 0.0484375 0.184375
0 0.3296875 0.73984375 0.659375 0.5203125
0 0.76953125 0.7359375 0.2203125 0.49375