0 0.4484375 0.26796875 0.16875 0.5359375
0 0.10546875 0.0546875 0.0703125 0.109375
0 0.29921875 0.075 0.0703125 0.15
0 0.52265625 0.028125 0.0515625 0.05625
0 0.25078125 0.0421875 0.0609375 0.084375
0 0.1703125 0.053125 0.065625 0.10625
0 0.01328125 0.0765625 0.0265625 0.153125
0 0.06015625 0.059375 0.0640625 0.11875
0 0.1375 0.05859375 0.08125 0.1171875
0 0.0203125 0.07109375 0.040625 0.1421875
0 0.034375 0.05703125 0.06875 0.1140625
0 0.73359375 0.2296875 0.2890625 0.459375
0 0.29453125 0.7796875 0.5890625 0.440625
0 0.734375 0.64921875 0.06875 0.1796875
0 0.80234375 0.6671875 0.0546875 0.215625
0 0.66640625 0.6640625 0.0453125 0.209375
0 0.97265625 0.6171875 0.0390625 0.115625
0 0.99375 0.62421875 0.0125 0.1234375
0 0.59921875 0.60625 0.0203125 0.09375
0 0.59765625 0.60625 0.0171875 0.09375
0 0.5984375 0.60546875 0.01875 0.0921875
0 0.60078125 0.61328125 0.0234375 0.1078125
0 0.8671875 0.61328125 0.065625 0.1078125
0 0.925 0.61640625 0.059375 0.1140625
0 0.59921875 0.58828125 0.0203125 0.0578125
0 0.59921875 0.590625 0.0203125 0.0625
0 0.59375 0.57421875 0.009375 0.0296875
0 0.60234375 0.58125 0.0265625 0.04375
0 0.6 0.5859375 0.021875 0.053125
0 0.6265625 0.6 0.04375 0.08125
0 0.77109375 0.58046875 0.0515625 0.0421875