0 0.3453125 0.29609375 0.21875 0.1078125
0 0.85 0.03828125 0.046875 0.0765625
0 0.89765625 0.06328125 0.0578125 0.1265625
0 0.7890625 0.1953125 0.0390625 0.0859375
0 0.91640625 0.1640625 0.046875 0.1125
0 0.50078125 0.14375 0.0234375 0.121875
0 0.83671875 0.13046875 0.0640625 0.1375
0 0.74765625 0.02109375 0.0390625 0.0421875
0 0.5015625 0.2859375 0.025 0.128125
0 0.50859375 0.3125 0.0390625 0.075
0 0.540625 0.03203125 0.025 0.0640625
0 0.5046875 0.05703125 0.03125 0.1140625
0 0.98828125 0.26953125 0.0234375 0.1015625
0 0.96328125 0.30234375 0.0640625 0.0953125
0 0.534375 0.021875 0.034375 0.04375
0 0.49765625 0.16953125 0.0171875 0.0984375
0 0.5 0.24296875 0.021875 0.1046875
0 0.9765625 0.0671875 0.0390625 0.084375
0 0.5 0.0484375 0.021875 0.096875
0 0.4984375 0.16015625 0.01875 0.0984375
0 0.65390625 0.0859375 0.0296875 0.0859375
0 0.9765625 0.02578125 0.0375 0.0515625
0 0.96171875 0.0296875 0.0453125 0.059375
0 0.5046875 0.05 0.03125 0.1
0 0.6296875 0.0234375 0.025 0.046875
0 0.78671875 0.08515625 0.03125 0.10625
0 0.56015625 0.0359375 0.0234375 0.071875
0 0.95234375 0.0234375 0.0359375 0.046875
0 0.5375 0.01640625 0.021875 0.0328125
0 0.7421875 0.02421875 0.028125 0.0484375
0 0.97890625 0.1859375 0.0421875 0.1
0 0.81796875 0.0359375 0.0390625 0.071875
0 0.71328125 0.0140625 0.0421875 0.028125
0 0.6890625 0.10546875 0.028125 0.0765625
0 0.91640625 0.02890625 0.0359375 0.0578125
0 0.91640625 0.25 0.0375 0.075
0 0.4984375 0.2109375 0.01875 0.08125
0 0.74140625 0.31953125 0.0296875 0.0609375
0 0.496875 0.19140625 0.015625 0.0734375
0 0.67421875 0.0296875 0.0296875 0.059375
0 0.4984375 0.0140625 0.01875 0.028125
0 0.77734375 0.02734375 0.0359375 0.0546875
0 0.49765625 0.14453125 0.0171875 0.0921875
0 0.496875 0.1109375 0.015625 0.08125
0 0.7234375 0.1828125 0.0328125 0.0828125
0 0.4953125 0.0125 0.0125 0.025
0 0.6546875 0.3078125 0.0203125 0.05
0 0.55078125 0.09921875 0.0296875 0.0984375
0 0.49765625 0.021875 0.0171875 0.04375
0 0.75625 0.025 0.025 0.05
0 0.50390625 0.06015625 0.0296875 0.1203125
0 0.5234375 0.209375 0.0546875 0.1546875
0 0.5046875 0.05078125 0.03125 0.1015625
0 0.4109375 0.61484375 0.15625 0.5296875
0 0.15390625 0.82421875 0.2828125 0.3515625
0 0.28515625 0.71015625 0.1515625 0.2859375
0 0.446875 0.7453125 0.084375 0.2
0 0.66796875 0.67421875 0.109375 0.16875
0 0.665625 0.67265625 0.1296875 0.0875
0 0.80859375 0.6734375 0.084375 0.1140625
0 0.57265625 0.671875 0.0625 0.1078125
0 0.978125 0.675 0.04375 0.125
0 0.534375 0.6421875 0.090625 0.15
0 0.525 0.615625 0.071875 0.171875
0 0.89453125 0.684375 0.0890625 0.1234375
0 0.51171875 0.653125 0.0453125 0.1