0 0.02109375 0.5 0.0421875 0.153125
0 0.03046875 0.4140625 0.0609375 0.1375
0 0.10078125 0.4921875 0.11875 0.2390625
0 0.2234375 0.38359375 0.190625 0.4703125
0 0.02890625 0.48203125 0.0578125 0.2546875
0 0.01640625 0.509375 0.0328125 0.1875
0 0.5921875 0.25390625 0.284375 0.5078125
0 0.42890625 0.234375 0.2203125 0.46875
0 0.79609375 0.21484375 0.1359375 0.4296875
0 0.9171875 0.14375 0.109375 0.2875
0 0.03828125 0.68125 0.0765625 0.125
0 0.11875 0.6609375 0.06875 0.084375
0 0.18828125 0.653125 0.0671875 0.06875
0 0.28125 0.65703125 0.075 0.0765625
0 0.3 0.63984375 0.0375 0.0421875
0 0.28671875 0.64921875 0.0421875 0.0609375
0 0.2796875 0.63828125 0.04375 0.0390625
0 0.2234375 0.65 0.06875 0.0625
0 0.17109375 0.6390625 0.0328125 0.040625
0 0.23125 0.64453125 0.046875 0.0515625
0 0.190625 0.63984375 0.046875 0.0421875
0 0.21171875 0.63984375 0.0359375 0.0421875
0 0.24921875 0.646875 0.0390625 0.05625
0 0.18984375 0.6421875 0.0578125 0.046875
0 0.13828125 0.66875 0.0734375 0.1
0 0.08828125 0.640625 0.0328125 0.04375
0 0.08828125 0.64765625 0.0953125 0.0578125
0 0.046875 0.6359375 0.040625 0.034375
0 0.06171875 0.64140625 0.0359375 0.0453125
0 0.06328125 0.6421875 0.0546875 0.046875
0 0.0125 0.69453125 0.025 0.1140625
0 0.2046875 0.7046875 0.053125 0.1046875
0 0.23828125 0.66171875 0.028125 0.0546875
0 0.28125 0.66484375 0.053125 0.0921875
0 0.3109375 0.65859375 0.015625 0.0796875
0 0.28671875 0.73828125 0.046875 0.09375
0 0.259375 0.8265625 0.0359375 0.109375
0 0.29296875 0.821875 0.0390625 0.0859375
0 0.16015625 0.7484375 0.0390625 0.1453125
0 0.115625 0.67421875 0.040625 0.0796875
0 0.1546875 0.67109375 0.025 0.0515625
0 0.153125 0.634375 0.025 0.03125
0 0.19609375 0.853125 0.0421875 0.0765625
0 0.46875 0.809375 0.3 0.38125