0 0.4875 0.23515625 0.16875 0.4703125
0 0.14453125 0.0421875 0.0703125 0.084375
0 0.33828125 0.0625 0.0703125 0.125
0 0.56171875 0.028125 0.0515625 0.05625
0 0.28984375 0.0421875 0.0609375 0.084375
0 0.209375 0.04375 0.065625 0.0875
0 0.01328125 0.0515625 0.0265625 0.103125
0 0.09921875 0.04296875 0.0640625 0.0859375
0 0.1765625 0.04765625 0.08125 0.0953125
0 0.0328125 0.04921875 0.065625 0.0984375
0 0.06953125 0.04296875 0.0765625 0.0859375
0 0.67734375 0.06640625 0.1546875 0.1328125
0 0.86015625 0.0546875 0.1484375 0.109375
0 0.16953125 0.64140625 0.3390625 0.2234375
0 0.16171875 0.85 0.3234375 0.3
0 0.48359375 0.83828125 0.2328125 0.3234375
0 0.49375 0.6375 0.2125 0.215625
0 0.96796875 0.7625 0.0640625 0.19375