0 0.06015625 0.31484375 0.1203125 0.6296875
0 0.73671875 0.53515625 0.1140625 0.1890625
0 0.72890625 0.15859375 0.0984375 0.3171875
0 0.9109375 0.15859375 0.178125 0.3171875
0 0.9 0.54375 0.2 0.171875
0 0.71171875 0.540625 0.0640625 0.178125
0 0.7140625 0.16796875 0.06875 0.3359375
0 0.72734375 0.553125 0.0953125 0.153125
0 0.70078125 0.1671875 0.0421875 0.334375
0 0.396875 0.86953125 0.4125 0.2609375
0 0.6 0.86953125 0.159375 0.2609375
0 0.97421875 0.7953125 0.0515625 0.33125
0 0.73671875 0.81484375 0.1140625 0.3703125
0 0.69921875 0.73984375 0.0390625 0.2203125
0 0.86328125 0.72421875 0.0796875 0.1890625