0 0.5296875 0.53515625 0.065625 0.0296875
0 0.43125 0.5109375 0.10625 0.078125
0 0.321875 0.4875 0.0875 0.125
0 0.4 0.4515625 0.0875 0.1734375
0 0.57734375 0.475 0.0453125 0.15
0 0.50546875 0.4640625 0.0796875 0.128125
0 0.43828125 0.3328125 0.065625 0.1375
0 0.5296875 0.34765625 0.0578125 0.1078125
0 0.5828125 0.36171875 0.034375 0.0953125
0 0.5265625 0.25703125 0.0625 0.1
0 0.50234375 0.03125 0.0484375 0.0625
0 0.54140625 0.07890625 0.0203125 0.0546875
0 0.5125 0.065625 0.0140625 0.04375
0 0.38359375 0.3 0.0453125 0.11875
0 0.34140625 0.33359375 0.03125 0.08125
0 0.2171875 0.4515625 0.0515625 0.1640625
0 0.24375 0.39140625 0.028125 0.09375
0 0.27421875 0.4359375 0.046875 0.11875
0 0.3265625 0.39453125 0.071875 0.0765625
0 0.2453125 0.30546875 0.071875 0.14375
0 0.29765625 0.3234375 0.034375 0.06875
0 0.33359375 0.25703125 0.046875 0.1046875
0 0.290625 0.253125 0.034375 0.090625
0 0.1359375 0.47109375 0.046875 0.1328125
0 0.13046875 0.38828125 0.0265625 0.059375
0 0.165625 0.4046875 0.053125 0.140625
0 0.059375 0.5171875 0.065625 0.065625
0 0.04375 0.471875 0.0609375 0.08125
0 0.0515625 0.4203125 0.028125 0.0578125
0 0.08359375 0.42265625 0.046875 0.1046875
0 0.1546875 0.27265625 0.040625 0.1
0 0.19140625 0.30390625 0.0359375 0.09375
0 0.26015625 0.20859375 0.028125 0.0703125
0 0.21796875 0.2328125 0.040625 0.075
0 0.19296875 0.19921875 0.0390625 0.08125
0 0.01328125 0.40078125 0.0265625 0.0828125
0 0.0109375 0.48046875 0.021875 0.0796875
0 0.01171875 0.50625 0.0234375 0.0875
0 0.01171875 0.50859375 0.0234375 0.0828125
0 0.00859375 0.4359375 0.0171875 0.084375
0 0.009375 0.37578125 0.01875 0.1140625
0 0.0140625 0.36484375 0.028125 0.0953125
0 0.01796875 0.4515625 0.0359375 0.196875
0 0.0078125 0.46953125 0.015625 0.0890625
0 0.01015625 0.5171875 0.0203125 0.065625
0 0.00859375 0.43046875 0.0171875 0.0921875
0 0.01328125 0.353125 0.0265625 0.090625
0 0.0125 0.278125 0.025 0.115625
0 0.01328125 0.26796875 0.0265625 0.1046875
0 0.00703125 0.31171875 0.0140625 0.0546875
0 0.01328125 0.3109375 0.0265625 0.1
0 0.03203125 0.32265625 0.05 0.0953125
0 0.046875 0.36875 0.03125 0.0625
0 0.09375 0.334375 0.04375 0.11875
0 0.01171875 0.234375 0.0234375 0.09375
0 0.00859375 0.146875 0.0171875 0.109375
0 0.009375 0.15078125 0.01875 0.0859375
0 0.009375 0.22421875 0.01875 0.1453125
0 0.01015625 0.29921875 0.0203125 0.0796875
0 0.00625 0.30234375 0.0125 0.0515625
0 0.00625 0.3421875 0.0125 0.040625
0 0.01015625 0.11953125 0.0203125 0.0765625
0 0.07734375 0.0359375 0.0453125 0.071875
0 0.15234375 0.19140625 0.0421875 0.078125
0 0.23671875 0.15625 0.0265625 0.0625
0 0.32734375 0.19296875 0.03125 0.0453125
0 0.3671875 0.16796875 0.028125 0.0734375
0 0.40390625 0.21484375 0.0703125 0.0890625
0 0.471875 0.19140625 0.03125 0.109375
0 0.63359375 0.3375 0.0671875 0.425
0 0.87734375 0.3328125 0.2453125 0.434375
0 0.7078125 0.334375 0.153125 0.43125
0 0.3 0.775 0.6 0.45
0 0.8609375 0.76640625 0.075 0.1078125