0 0.028125 0.47578125 0.05625 0.2484375
0 0.0171875 0.44375 0.034375 0.16875
0 0.01640625 0.45 0.0328125 0.1375
0 0.01953125 0.52421875 0.0390625 0.1515625
0 0.19453125 0.434375 0.2953125 0.33125
0 0.38046875 0.4203125 0.040625 0.13125
0 0.42890625 0.4609375 0.0421875 0.203125
0 0.41875 0.29453125 0.0625 0.1453125
0 0.33125 0.2421875 0.0875 0.134375
0 0.4078125 0.20078125 0.084375 0.1734375
0 0.43203125 0.0828125 0.0359375 0.1375
0 0.39296875 0.0546875 0.0453125 0.109375
0 0.35078125 0.08359375 0.03125 0.08125
0 0.2265625 0.2015625 0.0515625 0.1640625
0 0.253125 0.14140625 0.028125 0.09375
0 0.28359375 0.1859375 0.046875 0.11875
0 0.3359375 0.14453125 0.071875 0.0765625
0 0.2546875 0.06328125 0.071875 0.1265625
0 0.30703125 0.0734375 0.034375 0.06875
0 0.3421875 0.0296875 0.046875 0.059375
0 0.3 0.02421875 0.034375 0.0484375
0 0.1453125 0.22109375 0.046875 0.1328125
0 0.13984375 0.13828125 0.0265625 0.059375
0 0.175 0.1546875 0.053125 0.140625
0 0.08203125 0.35625 0.0484375 0.0828125
0 0.06875 0.29296875 0.065625 0.115625
0 0.053125 0.221875 0.0609375 0.08125
0 0.0609375 0.1703125 0.028125 0.0578125
0 0.09296875 0.17265625 0.046875 0.1046875
0 0.1640625 0.0359375 0.040625 0.071875
0 0.20078125 0.05390625 0.0359375 0.09375
0 0.26875 0.0171875 0.028125 0.034375
0 0.2265625 0.01875 0.040625 0.0375
0 0.20234375 0.0203125 0.0390625 0.040625
0 0.01796875 0.15078125 0.0359375 0.0828125
0 0.01015625 0.3203125 0.0203125 0.121875
0 0.0109375 0.23046875 0.021875 0.0796875
0 0.0171875 0.3484375 0.034375 0.128125
0 0.0078125 0.34296875 0.015625 0.0828125
0 0.01171875 0.26484375 0.0234375 0.1046875
0 0.01171875 0.26015625 0.0234375 0.0859375
0 0.00859375 0.1859375 0.0171875 0.084375
0 0.009375 0.12578125 0.01875 0.1140625
0 0.0140625 0.11484375 0.028125 0.0953125
0 0.01796875 0.203125 0.0359375 0.2
0 0.0078125 0.21953125 0.015625 0.0890625
0 0.0234375 0.31640625 0.046875 0.1171875
0 0.01015625 0.26875 0.0203125 0.06875
0 0.00859375 0.18046875 0.0171875 0.0921875
0 0.01328125 0.103125 0.0265625 0.090625
0 0.0125 0.04296875 0.025 0.0859375
0 0.01328125 0.03515625 0.0265625 0.0703125
0 0.00703125 0.06171875 0.0140625 0.0546875
0 0.01328125 0.0609375 0.0265625 0.1
0 0.04140625 0.07265625 0.05 0.0953125
0 0.05625 0.11875 0.03125 0.0625
0 0.103125 0.084375 0.04375 0.11875
0 0.01171875 0.0234375 0.0234375 0.046875
0 0.00859375 0.02734375 0.0171875 0.0546875
0 0.0125 0.02109375 0.025 0.0421875
0 0.009375 0.0359375 0.01875 0.071875
0 0.01015625 0.04921875 0.0203125 0.0796875
0 0.00625 0.05234375 0.0125 0.0515625
0 0.00625 0.0921875 0.0125 0.040625
0 0.01015625 0.01875 0.0203125 0.0375
0 0.08671875 0.02265625 0.0453125 0.0453125
0 0.16171875 0.01953125 0.0421875 0.0390625
0 0.24609375 0.015625 0.0265625 0.03125
0 0.3359375 0.0109375 0.03125 0.021875
0 0.3765625 0.01796875 0.028125 0.0359375
0 0.41328125 0.021875 0.0703125 0.04375
0 0.725 0.29296875 0.55 0.5859375
0 0.48828125 0.2 0.0765625 0.4
0 0.39296875 0.83125 0.1140625 0.19375
0 0.8453125 0.7953125 0.309375 0.390625