0 0.0578125 0.875 0.1125 0.25
0 0.15703125 0.8421875 0.06875 0.16875
0 0.22578125 0.84921875 0.0671875 0.1375
0 0.32109375 0.9234375 0.078125 0.153125
0 0.51953125 0.83359375 0.2953125 0.3328125
0 0.70546875 0.81875 0.040625 0.13125
0 0.79609375 0.859375 0.125 0.203125
0 0.85546875 0.94296875 0.0859375 0.1140625
0 0.934375 0.9328125 0.06875 0.1109375
0 0.84375 0.778125 0.065625 0.1203125
0 0.91484375 0.82578125 0.06875 0.125
0 0.8640625 0.7109375 0.065625 0.084375
0 0.76640625 0.69375 0.10625 0.1453125
0 0.65625 0.640625 0.0875 0.134375
0 0.734375 0.6 0.0875 0.1734375
0 0.93515625 0.63125 0.090625 0.165625
0 0.83984375 0.6125 0.0796875 0.128125
0 0.77265625 0.48125 0.065625 0.1375
0 0.8640625 0.49609375 0.0578125 0.1078125
0 0.92578125 0.51015625 0.0515625 0.0953125
0 0.96875 0.35703125 0.0625 0.1046875
0 0.8609375 0.40546875 0.0625 0.1
0 0.83671875 0.09921875 0.0484375 0.125
0 0.87578125 0.22734375 0.0203125 0.0546875
0 0.846875 0.2140625 0.0140625 0.04375
0 0.71796875 0.4484375 0.0453125 0.11875
0 0.67578125 0.48203125 0.03125 0.08125
0 0.5515625 0.6 0.0515625 0.1640625
0 0.578125 0.53984375 0.028125 0.09375
0 0.60859375 0.584375 0.046875 0.11875
0 0.6609375 0.54296875 0.071875 0.0765625
0 0.5796875 0.45390625 0.071875 0.14375
0 0.63203125 0.471875 0.034375 0.06875
0 0.66796875 0.40546875 0.046875 0.1046875
0 0.625 0.4015625 0.034375 0.090625
0 0.4703125 0.61953125 0.046875 0.1328125
0 0.46484375 0.53671875 0.0265625 0.059375
0 0.5 0.553125 0.053125 0.140625
0 0.40703125 0.7546875 0.0484375 0.0828125
0 0.39375 0.69140625 0.065625 0.115625
0 0.378125 0.6203125 0.0609375 0.08125
0 0.3859375 0.56875 0.028125 0.0578125
0 0.41796875 0.57109375 0.046875 0.1046875
0 0.4890625 0.42109375 0.040625 0.1
0 0.52578125 0.45234375 0.0359375 0.09375
0 0.59453125 0.35703125 0.028125 0.0703125
0 0.55234375 0.38125 0.040625 0.075
0 0.52734375 0.34765625 0.0390625 0.08125
0 0.33984375 0.54921875 0.0421875 0.0828125
0 0.32421875 0.71953125 0.0421875 0.121875
0 0.3171875 0.62890625 0.04375 0.0796875
0 0.2609375 0.74765625 0.06875 0.128125
0 0.209375 0.7421875 0.0328125 0.0828125
0 0.26953125 0.6640625 0.046875 0.1046875
0 0.228125 0.659375 0.046875 0.0859375
0 0.24921875 0.584375 0.0359375 0.084375
0 0.2875 0.52421875 0.0390625 0.1140625
0 0.228125 0.51328125 0.0578125 0.0953125
0 0.17578125 0.60234375 0.0734375 0.2
0 0.1265625 0.61796875 0.0328125 0.0890625
0 0.12578125 0.71484375 0.0953125 0.1171875
0 0.08515625 0.66796875 0.040625 0.06875
0 0.1 0.57890625 0.0359375 0.0921875
0 0.10078125 0.5015625 0.0546875 0.090625
0 0.02578125 0.42734375 0.0515625 0.115625
0 0.2421875 0.4171875 0.053125 0.1046875
0 0.27578125 0.46015625 0.028125 0.0546875
0 0.31875 0.46015625 0.053125 0.1
0 0.36640625 0.47109375 0.05 0.0953125
0 0.38125 0.5171875 0.03125 0.0625
0 0.428125 0.4828125 0.04375 0.11875
0 0.32421875 0.38359375 0.046875 0.09375
0 0.296875 0.2953125 0.0359375 0.109375
0 0.33046875 0.3 0.0390625 0.0859375
0 0.19765625 0.3734375 0.0390625 0.1453125
0 0.153125 0.44765625 0.040625 0.0796875
0 0.1921875 0.45078125 0.025 0.0515625
0 0.190625 0.49140625 0.025 0.040625
0 0.23359375 0.26875 0.0421875 0.0765625
0 0.41171875 0.17421875 0.0453125 0.0921875
0 0.48671875 0.33984375 0.0421875 0.078125
0 0.57109375 0.3046875 0.0265625 0.0625
0 0.66171875 0.34140625 0.03125 0.0453125
0 0.7015625 0.31640625 0.028125 0.0734375
0 0.73828125 0.36328125 0.0703125 0.0890625
0 0.80625 0.33984375 0.03125 0.109375