0 0.12890625 0.259375 0.2578125 0.51875
0 0.04375 0.37265625 0.0875 0.2921875
0 0.16171875 0.26171875 0.3140625 0.3984375
0 0.0421875 0.35546875 0.084375 0.2390625
0 0.640625 0.24375 0.2609375 0.3859375
0 0.36015625 0.44921875 0.0828125 0.1390625
0 0.76796875 0.01796875 0.0578125 0.0359375
0 0.828125 0.01640625 0.0375 0.0328125
0 0.3296875 0.0171875 0.021875 0.034375
0 0.32890625 0.015625 0.0203125 0.03125
0 0.43125 0.01015625 0.053125 0.0203125
0 0.54375 0.01484375 0.0375 0.0296875
0 0.01484375 0.94921875 0.0296875 0.1015625
0 0.03359375 0.94453125 0.0421875 0.1109375
0 0.08359375 0.9515625 0.0578125 0.096875
0 0.1390625 0.9609375 0.04375 0.078125
0 0.0140625 0.92890625 0.028125 0.1421875
0 0.00546875 0.9796875 0.0109375 0.040625
0 0.009375 0.971875 0.01875 0.05625
0 0.0109375 0.8984375 0.021875 0.121875
0 0.0078125 0.915625 0.015625 0.090625
0 0.01171875 0.865625 0.0234375 0.2375
0 0.0125 0.8828125 0.025 0.2
0 0.01015625 0.87890625 0.0203125 0.1328125
0 0.009375 0.86875 0.01875 0.109375
0 0.16875 0.93984375 0.03125 0.0921875
0 0.19375 0.9828125 0.04375 0.034375
0 0.2046875 0.9484375 0.028125 0.075
0 0.2296875 0.93671875 0.0265625 0.0984375
0 0.2515625 0.921875 0.028125 0.10625
0 0.27109375 0.89375 0.04375 0.1015625
0 0.3015625 0.946875 0.034375 0.10625
0 0.31171875 0.80703125 0.0140625 0.1578125
0 0.265625 0.81796875 0.0328125 0.084375
0 0.28671875 0.77421875 0.03125 0.1171875
0 0.00859375 0.8234375 0.0171875 0.1
0 0.01484375 0.75625 0.0296875 0.128125
0 0.00859375 0.771875 0.0171875 0.103125
0 0.03828125 0.79921875 0.0296875 0.125
0 0.08828125 0.875 0.0421875 0.078125
0 0.1625 0.86171875 0.0296875 0.0734375
0 0.21171875 0.871875 0.028125 0.0859375
0 0.221875 0.80234375 0.0265625 0.065625
0 0.17578125 0.81640625 0.03125 0.0640625
0 0.196875 0.80234375 0.0234375 0.08125
0 0.14375 0.796875 0.028125 0.084375
0 0.10546875 0.8015625 0.04375 0.0921875
0 0.0765625 0.7734375 0.0421875 0.1265625
0 0.0109375 0.7609375 0.021875 0.109375
0 0.0078125 0.75234375 0.015625 0.1171875
0 0.009375 0.69921875 0.01875 0.1109375
0 0.00703125 0.7109375 0.0140625 0.078125
0 0.01015625 0.75546875 0.0203125 0.0765625
0 0.00859375 0.67421875 0.0171875 0.0859375
0 0.00625 0.659375 0.0125 0.078125
0 0.05 0.6625 0.034375 0.0828125
0 0.18203125 0.7171875 0.034375 0.1078125
0 0.1046875 0.69453125 0.03125 0.090625
0 0.1359375 0.66171875 0.03125 0.075
0 0.103125 0.6 0.03125 0.0890625
0 0.21640625 0.67265625 0.0390625 0.115625
0 0.246875 0.74765625 0.0296875 0.059375
0 0.31171875 0.6453125 0.0140625 0.040625
0 0.28359375 0.6546875 0.0265625 0.0765625
0 0.2625 0.696875 0.0234375 0.05
0 0.2375 0.66015625 0.01875 0.046875
0 0.00859375 0.6234375 0.0171875 0.096875
0 0.00703125 0.70546875 0.0140625 0.0734375
0 0.2125 0.59296875 0.021875 0.0609375
0 0.16796875 0.5921875 0.028125 0.078125
0 0.953125 0.93125 0.09375 0.1375
0 0.69765625 0.871875 0.5171875 0.25625