0 0.0390625 0.365625 0.078125 0.5875
0 0.21328125 0.346875 0.2171875 0.625
0 0.01640625 0.515625 0.0328125 0.2875
0 0.046875 0.4234375 0.09375 0.471875
0 0.4453125 0.3296875 0.153125 0.659375
0 0.7078125 0.5828125 0.096875 0.153125
0 0.94921875 0.5671875 0.1015625 0.184375
0 0.81015625 0.625 0.0984375 0.06875
0 0.1953125 0.7765625 0.275 0.234375
0 0.73359375 0.90234375 0.2609375 0.1953125
0 0.86171875 0.67734375 0.0578125 0.0359375
0 0.921875 0.67578125 0.0375 0.0328125
0 0.3796875 0.6765625 0.021875 0.034375
0 0.37890625 0.675 0.0203125 0.03125
0 0.525 0.66953125 0.053125 0.0203125
0 0.63828125 0.75703125 0.0390625 0.05625