0 0.08671875 0.028125 0.0703125 0.05625
0 0.0421875 0.08828125 0.05625 0.1765625
0 0.09140625 0.31171875 0.0828125 0.346875
0 0.225 0.33125 0.246875 0.4375
0 0.0109375 0.24296875 0.021875 0.1109375
0 0.00625 0.22109375 0.0125 0.1421875
0 0.0109375 0.26328125 0.021875 0.1765625
0 0.45234375 0.3609375 0.0390625 0.2296875
0 0.42421875 0.121875 0.040625 0.2359375
0 0.5421875 0.775 0.10625 0.45
0 0.540625 0.775 0.103125 0.45
0 0.60703125 0.775 0.2359375 0.45
0 0.8015625 0.775 0.225 0.45
0 0.9296875 0.775 0.140625 0.45