0 0.04765625 0.028125 0.0703125 0.05625
0 0.015625 0.04765625 0.03125 0.0953125
0 0.05234375 0.11171875 0.0828125 0.2234375
0 0.1859375 0.18046875 0.246875 0.3609375
0 0.0109375 0.02734375 0.021875 0.0546875
0 0.00625 0.03515625 0.0125 0.0703125
0 0.0109375 0.0453125 0.021875 0.090625
0 0.41328125 0.10703125 0.0390625 0.2140625
0 0.384375 0.05859375 0.040625 0.1171875
0 0.68671875 0.075 0.2359375 0.15
0 0.03359375 0.646875 0.0671875 0.140625
0 0.49296875 0.7875 0.1515625 0.20625
0 0.021875 0.934375 0.04375 0.1125
0 0.784375 0.7703125 0.43125 0.459375