0 0.28125 0.31484375 0.515625 0.6296875
0 0.0953125 0.31484375 0.190625 0.6296875
0 0.58125 0.396875 0.084375 0.221875
0 0.56171875 0.565625 0.0453125 0.128125
0 0.56328125 0.06796875 0.0484375 0.1359375
0 0.55390625 0.07265625 0.0296875 0.1453125
0 0.57421875 0.175 0.0703125 0.25
0 0.86328125 0.3875 0.065625 0.2203125
0 0.671875 0.40390625 0.0828125 0.16875
0 0.57265625 0.571875 0.0671875 0.115625
0 0.64140625 0.1265625 0.0609375 0.253125
0 0.5640625 0.10703125 0.05 0.2140625
0 0.7 0.040625 0.059375 0.08125
0 0.76484375 0.0921875 0.0734375 0.184375
0 0.5609375 0.4 0.04375 0.26875
0 0.70859375 0.0578125 0.0640625 0.115625
0 0.56484375 0.33359375 0.0515625 0.3953125
0 0.9703125 0.021875 0.040625 0.04375
0 0.6234375 0.59140625 0.084375 0.0765625
0 0.72734375 0.31171875 0.05625 0.128125
0 0.5546875 0.43671875 0.03125 0.2046875
0 0.934375 0.47578125 0.09375 0.3078125
0 0.56015625 0.115625 0.0421875 0.23125
0 0.69609375 0.21015625 0.0578125 0.2015625
0 0.9890625 0.0234375 0.021875 0.046875
0 0.77578125 0.1671875 0.0609375 0.2734375
0 0.65390625 0.52109375 0.0921875 0.2171875
0 0.56875 0.228125 0.059375 0.259375
0 0.5625 0.0890625 0.046875 0.178125
0 0.5734375 0.26171875 0.06875 0.2953125
0 0.90390625 0.0265625 0.0359375 0.053125
0 0.92890625 0.02421875 0.0265625 0.0484375
0 0.68046875 0.02890625 0.0640625 0.0578125
0 0.73515625 0.62421875 0.0890625 0.0109375
0 0.875 0.02421875 0.034375 0.0484375
0 0.58125 0.553125 0.084375 0.153125
0 0.8296875 0.0546875 0.05 0.109375
0 0.88515625 0.04765625 0.0515625 0.0953125
0 0.9296875 0.16875 0.090625 0.2671875
0 0.9703125 0.175 0.059375 0.234375
0 0.940625 0.0359375 0.05625 0.071875
0 0.80546875 0.52109375 0.05625 0.2046875
0 0.74453125 0.48125 0.0640625 0.2671875
0 0.26953125 0.81484375 0.5390625 0.3703125