0 0.06640625 0.13125 0.1328125 0.2625
0 0.41953125 0.140625 0.1796875 0.28125
0 0.11875 0.05234375 0.10625 0.1046875
0 0.2484375 0.04296875 0.128125 0.0859375
0 0.01953125 0.0375 0.0390625 0.075
0 0.01484375 0.0359375 0.0296875 0.071875
0 0.03515625 0.03984375 0.0703125 0.0796875
0 0.3453125 0.04296875 0.08125 0.0859375
0 0.01640625 0.42734375 0.0328125 0.1359375
0 0.0109375 0.5171875 0.021875 0.10625
0 0.00546875 0.59296875 0.0109375 0.1140625
0 0.14921875 0.41875 0.0578125 0.11875
0 0.13203125 0.484375 0.04375 0.1640625
0 0.090625 0.54140625 0.0578125 0.221875
0 0.315625 0.38046875 0.0375 0.0421875
0 0.23125 0.4265625 0.084375 0.134375
0 0.2984375 0.4453125 0.04375 0.171875
0 0.26484375 0.53125 0.021875 0.0765625
0 0.22109375 0.64375 0.034375 0.140625
0 0.17578125 0.515625 0.0296875 0.1125
0 0.23671875 0.534375 0.0359375 0.0984375
0 0.17890625 0.628125 0.040625 0.159375
0 0.1484375 0.675 0.0421875 0.159375
0 0.07734375 0.71328125 0.0546875 0.1328125
0 0.01484375 0.60390625 0.0296875 0.2734375
0 0.01015625 0.640625 0.0203125 0.121875
0 0.00859375 0.71015625 0.0171875 0.0953125
0 0.01015625 0.721875 0.0203125 0.146875
0 0.00546875 0.52109375 0.0109375 0.0859375
0 0.01171875 0.6578125 0.0234375 0.2125
0 0.00546875 0.765625 0.0109375 0.071875
0 0.00546875 0.728125 0.0109375 0.109375
0 0.00703125 0.78671875 0.0140625 0.1234375
0 0.0046875 0.77890625 0.009375 0.1046875
0 0.00546875 0.825 0.0109375 0.078125
0 0.00703125 0.81484375 0.0140625 0.1171875
0 0.00546875 0.85 0.0109375 0.065625
0 0.00703125 0.84765625 0.0140625 0.0890625
0 0.00703125 0.8953125 0.0140625 0.059375
0 0.00546875 0.90234375 0.0109375 0.0671875
0 0.00546875 0.88125 0.0109375 0.046875
0 0.0046875 0.92734375 0.009375 0.0453125
0 0.00390625 0.92109375 0.0078125 0.0421875
0 0.0046875 0.95390625 0.009375 0.0609375
0 0.40390625 0.39375 0.0578125 0.06875
0 0.35 0.38515625 0.0375 0.0515625
0 0.34453125 0.421875 0.04375 0.11875
0 0.46015625 0.37421875 0.0328125 0.0296875
0 0.4984375 0.3703125 0.021875 0.021875
0 0.4875 0.4296875 0.04375 0.140625
0 0.4546875 0.4234375 0.0296875 0.121875
0 0.42578125 0.43125 0.034375 0.115625
0 0.3890625 0.48515625 0.03125 0.1078125
0 0.33125 0.57578125 0.0328125 0.1203125
0 0.29296875 0.59609375 0.034375 0.1046875
0 0.50078125 0.58125 0.0171875 0.146875
0 0.425 0.546875 0.0328125 0.1296875
0 0.4609375 0.534375 0.040625 0.10625
0 0.3890625 0.590625 0.0359375 0.1265625
0 0.353125 0.6421875 0.03125 0.109375
0 0.275 0.66953125 0.05 0.121875
0 0.23359375 0.73671875 0.0390625 0.0890625
0 0.06953125 0.78984375 0.05625 0.1109375
0 0.0171875 0.89921875 0.0171875 0.1296875
0 0.00546875 0.95 0.0109375 0.1
0 0.0046875 0.97578125 0.009375 0.0484375
0 0.4609375 0.63828125 0.034375 0.146875
0 0.42578125 0.65859375 0.0375 0.11875
0 0.50234375 0.83671875 0.0140625 0.1484375
0 0.38984375 0.77734375 0.0234375 0.1
0 0.4390625 0.746875 0.03125 0.065625
0 0.45546875 0.82421875 0.034375 0.1
0 0.2703125 0.79140625 0.028125 0.090625
0 0.23515625 0.80859375 0.028125 0.0703125
0 0.1703125 0.83828125 0.0234375 0.0796875
0 0.125 0.77265625 0.0390625 0.1015625
0 0.18984375 0.75625 0.03125 0.084375
0 0.3625 0.92734375 0.0234375 0.0796875
0 0.34375 0.965625 0.0203125 0.05625
0 0.49140625 0.7421875 0.028125 0.090625
0 0.38984375 0.96171875 0.015625 0.0671875
0 0.36015625 0.8421875 0.0203125 0.078125
0 0.390625 0.87265625 0.01875 0.0671875
0 0.35859375 0.75625 0.0171875 0.059375
0 0.48984375 0.93046875 0.0234375 0.0734375
0 0.45703125 0.921875 0.025 0.0828125
0 0.228125 0.97890625 0.015625 0.0421875
0 0.27578125 0.96875 0.0203125 0.0625
0 0.425 0.89765625 0.034375 0.1
0 0.11484375 0.86953125 0.0203125 0.075
0 0.1328125 0.89921875 0.0171875 0.0609375
0 0.1921875 0.83125 0.0234375 0.0671875
0 0.21484375 0.84921875 0.0234375 0.071875
0 0.23359375 0.87578125 0.0234375 0.0640625
0 0.27890625 0.8609375 0.015625 0.053125
0 0.315625 0.81640625 0.028125 0.0703125
0 0.3125 0.74921875 0.0125 0.053125
0 0.05234375 0.86953125 0.0171875 0.0546875
0 0.06328125 0.89765625 0.021875 0.071875
0 0.10703125 0.909375 0.01875 0.05
0 0.0890625 0.9109375 0.0140625 0.0421875
0 0.1546875 0.8703125 0.021875 0.075
0 0.184375 0.92265625 0.0140625 0.06875
0 0.11875 0.953125 0.0125 0.053125
0 0.0578125 0.95546875 0.0234375 0.05
0 0.30625 0.9015625 0.0171875 0.053125
0 0.3203125 0.88125 0.0171875 0.040625
0 0.33671875 0.85234375 0.0203125 0.0578125
0 0.32578125 0.925 0.0203125 0.06875
0 0.3625 0.98515625 0.01875 0.0296875
0 0.03203125 0.94765625 0.0171875 0.08125
0 0.4203125 0.98984375 0.01875 0.0203125
0 0.16328125 0.96640625 0.0265625 0.0671875
0 0.103125 0.9609375 0.01875 0.0546875
0 0.003125 0.89375 0.00625 0.0625
0 0.00390625 0.94921875 0.0078125 0.0609375
0 0.7546875 0.653125 0.490625 0.5875