0 0.06640625 0.2609375 0.1328125 0.415625
0 0.3828125 0.3796875 0.10625 0.178125
0 0.50859375 0.38828125 0.1203125 0.1609375
0 0.1546875 0.39765625 0.078125 0.1421875
0 0.2203125 0.37890625 0.0609375 0.1453125
0 0.29453125 0.3546875 0.08125 0.1609375
0 0.6484375 0.1015625 0.159375 0.203125
0 0.44765625 0.7078125 0.1109375 0.478125
0 0.15390625 0.734375 0.1671875 0.53125
0 0.025 0.66484375 0.05 0.3515625
0 0.30703125 0.63828125 0.0796875 0.3390625
0 0.7421875 0.8609375 0.296875 0.278125
0 0.80546875 0.7765625 0.0859375 0.084375