0 0.01171875 0.23515625 0.0234375 0.1078125
0 0.3375 0.27578125 0.028125 0.0265625
0 0.353125 0.2515625 0.03125 0.075
0 0.315625 0.2453125 0.034375 0.0859375
0 0.27265625 0.22578125 0.0515625 0.1265625
0 0.20703125 0.24921875 0.0328125 0.0796875
0 0.22890625 0.20859375 0.03125 0.1171875
0 0.2796875 0.09921875 0.028125 0.13125
0 0.30859375 0.115625 0.0265625 0.08125
0 0.33125 0.09453125 0.03125 0.134375
0 0.36015625 0.18984375 0.0171875 0.0578125
0 0.30703125 0.18515625 0.0203125 0.053125
0 0.00859375 0.2484375 0.0171875 0.08125
0 0.01484375 0.190625 0.0296875 0.128125
0 0.00859375 0.20625 0.0171875 0.103125
0 0.00703125 0.2296875 0.0140625 0.11875
0 0.03046875 0.2796875 0.0421875 0.01875
0 0.10390625 0.27421875 0.0296875 0.0296875
0 0.153125 0.27578125 0.028125 0.0265625
0 0.1640625 0.23671875 0.0265625 0.065625
0 0.11796875 0.25078125 0.03125 0.0640625
0 0.1390625 0.23671875 0.0234375 0.08125
0 0.0859375 0.23125 0.028125 0.084375
0 0.04765625 0.2359375 0.04375 0.0921875
0 0.01953125 0.20703125 0.0390625 0.1265625
0 0.0109375 0.1953125 0.021875 0.109375
0 0.0078125 0.18671875 0.015625 0.1171875
0 0.009375 0.13359375 0.01875 0.1109375
0 0.00703125 0.1453125 0.0140625 0.078125
0 0.01015625 0.18984375 0.0203125 0.0765625
0 0.00859375 0.10859375 0.0171875 0.0859375
0 0.00625 0.09375 0.0125 0.078125
0 0.00859375 0.09609375 0.0171875 0.0828125
0 0.12421875 0.1515625 0.034375 0.1078125
0 0.046875 0.12890625 0.03125 0.090625
0 0.078125 0.09609375 0.03125 0.075
0 0.0453125 0.0390625 0.03125 0.078125
0 0.15859375 0.10703125 0.0390625 0.115625
0 0.1890625 0.18203125 0.0296875 0.059375
0 0.25625 0.0796875 0.01875 0.040625
0 0.22578125 0.0890625 0.0265625 0.0765625
0 0.2046875 0.13125 0.0234375 0.05
0 0.1796875 0.09453125 0.01875 0.046875
0 0.29140625 0.02421875 0.0203125 0.0484375
0 0.31328125 0.0296875 0.0234375 0.059375
0 0.36015625 0.0546875 0.0171875 0.078125
0 0.00859375 0.0578125 0.0171875 0.096875
0 0.00703125 0.13984375 0.0140625 0.0734375
0 0.1546875 0.02890625 0.021875 0.0578125
0 0.109375 0.0328125 0.028125 0.065625
0 0.796875 0.12109375 0.284375 0.2421875
0 0.45625 0.1265625 0.175 0.253125
0 0.68046875 0.08984375 0.1109375 0.1796875
0 0.571875 0.07109375 0.14375 0.1421875
0 0.390625 0.071875 0.04375 0.14375
0 0.12109375 0.69921875 0.2421875 0.4734375
0 0.03515625 0.43203125 0.034375 0.0609375
0 0.3953125 0.55234375 0.053125 0.1796875
0 0.4859375 0.7296875 0.1 0.15
0 0.4 0.85625 0.0625 0.19375
0 0.390625 0.73515625 0.04375 0.1703125
0 0.6421875 0.79765625 0.0828125 0.1375
0 0.89921875 0.73203125 0.078125 0.1609375
0 0.70703125 0.478125 0.0640625 0.13125
0 0.58828125 0.55859375 0.0546875 0.1890625
0 0.6359375 0.33515625 0.05 0.0921875
0 0.59453125 0.31953125 0.0484375 0.0609375
0 0.99453125 0.65703125 0.0109375 0.0984375
0 0.8015625 0.43203125 0.09375 0.2015625
0 0.39296875 0.38046875 0.0484375 0.1359375
0 0.77265625 0.796875 0.1421875 0.40625
0 0.6125 0.85 0.134375 0.3
0 0.8890625 0.5125 0.134375 0.315625
0 0.97109375 0.425 0.0578125 0.271875
0 0.75234375 0.3515625 0.0671875 0.125