0 0.3796875 0.49453125 0.01875 0.0890625
0 0.32265625 0.38125 0.0359375 0.1515625
0 0.0125 0.5015625 0.025 0.075
0 0.034375 0.50625 0.03125 0.065625
0 0.0875 0.48671875 0.03125 0.1046875
0 0.1640625 0.4984375 0.0375 0.08125
0 0.103125 0.43828125 0.0296875 0.1109375
0 0.00546875 0.3640625 0.0109375 0.15
0 0.00625 0.43984375 0.0125 0.1015625
0 0.01015625 0.50234375 0.0203125 0.0734375
0 0.00390625 0.3453125 0.0078125 0.125
0 0.36640625 0.271875 0.03125 0.203125
0 0.0109375 0.50703125 0.021875 0.0640625
0 0.05625 0.2390625 0.01875 0.115625
0 0.2359375 0.19140625 0.0390625 0.1328125
0 0.009375 0.29296875 0.01875 0.1265625
0 0.69453125 0.26953125 0.6109375 0.5390625
0 0.846875 0.915625 0.30625 0.16875