0 0.90234375 0.06640625 0.046875 0.1328125
0 0.96171875 0.10078125 0.0296875 0.11875
0 0.87890625 0.39609375 0.034375 0.1375
0 0.93046875 0.4203125 0.021875 0.1140625
0 0.40078125 0.05703125 0.040625 0.1140625
0 0.4828125 0.0921875 0.05 0.1671875
0 0.53203125 0.16640625 0.028125 0.1296875
0 0.65546875 0.0921875 0.0296875 0.184375
0 0.80546875 0.1234375 0.0328125 0.1703125
0 0.7875 0.2546875 0.0390625 0.1015625
0 0.81171875 0.28671875 0.0265625 0.1
0 0.8453125 0.17734375 0.028125 0.1390625
0 0.71953125 0.375 0.0359375 0.1515625
0 0.40234375 0.20625 0.0390625 0.1703125
0 0.43125 0.215625 0.03125 0.134375
0 0.484375 0.25390625 0.03125 0.134375
0 0.56171875 0.21953125 0.0375 0.15625
0 0.5 0.31796875 0.0296875 0.109375
0 0.28359375 0.07421875 0.040625 0.1484375
0 0.14921875 0.0625 0.0328125 0.1
0 0.0984375 0.1171875 0.03125 0.121875
0 0.04140625 0.04140625 0.0390625 0.0828125
0 0.275 0.3921875 0.0234375 0.15
0 0.32265625 0.315625 0.0265625 0.1015625
0 0.1296875 0.22109375 0.040625 0.1375
0 0.0296875 0.190625 0.059375 0.184375
0 0.14296875 0.4109375 0.0171875 0.125
0 0.18515625 0.13359375 0.025 0.228125
0 0.73515625 0.09375 0.028125 0.1875
0 0.76171875 0.0421875 0.0359375 0.084375
0 0.76328125 0.484375 0.03125 0.203125
0 0.32265625 0.20390625 0.04375 0.153125
0 0.346875 0.109375 0.0359375 0.1796875
0 0.453125 0.5171875 0.01875 0.115625
0 0.59296875 0.071875 0.053125 0.14375
0 0.6328125 0.56484375 0.0390625 0.1328125
0 0.83984375 0.51171875 0.0234375 0.10625
0 0.36171875 0.4625 0.0390625 0.125