0 0.1453125 0.421875 0.059375 0.1640625
0 0.19296875 0.440625 0.0421875 0.146875
0 0.24375 0.434375 0.0578125 0.13125
0 0.29921875 0.41640625 0.04375 0.1296875
0 0.1828125 0.034375 0.065625 0.06875
0 0.246875 0.0390625 0.04375 0.078125
0 0.29453125 0.02578125 0.0421875 0.0515625
0 0.4109375 0.03828125 0.053125 0.0765625
0 0.4546875 0.1046875 0.028125 0.146875
0 0.3484375 0.0875 0.0625 0.16875
0 0.40859375 0.1265625 0.05 0.1234375
0 0.4453125 0.26796875 0.046875 0.1671875
0 0.4296875 0.3546875 0.0390625 0.1109375
0 0.375 0.2890625 0.0703125 0.159375
0 0.296875 0.23984375 0.0625 0.2265625
0 0.19375 0.10078125 0.0375 0.090625
0 0.01640625 0.02890625 0.0328125 0.0578125
0 0.0265625 0.11484375 0.053125 0.2296875
0 0.01171875 0.11484375 0.0234375 0.1515625
0 0.12890625 0.15078125 0.065625 0.221875
0 0.0546875 0.13203125 0.0671875 0.1875
0 0.0546875 0.02578125 0.03125 0.0515625
0 0.01796875 0.2671875 0.0359375 0.15
0 0.075 0.3015625 0.059375 0.1734375
0 0.1296875 0.27734375 0.0546875 0.140625
0 0.1828125 0.24296875 0.0484375 0.1890625
0 0.22109375 0.26640625 0.040625 0.209375
0 0.01484375 0.0203125 0.0296875 0.040625
0 0.0109375 0.28984375 0.021875 0.1859375
0 0.04140625 0.371875 0.0390625 0.1125
0 0.01171875 0.31328125 0.0234375 0.1734375
0 0.015625 0.31796875 0.03125 0.1546875
0 0.0125 0.334375 0.025 0.128125
0 0.0140625 0.47109375 0.028125 0.1453125
0 0.00546875 0.41484375 0.0109375 0.0578125
0 0.009375 0.42421875 0.01875 0.0671875
0 0.0109375 0.503125 0.021875 0.121875
0 0.0078125 0.4859375 0.015625 0.090625
0 0.05703125 0.49921875 0.0484375 0.1609375
0 0.0140625 0.5 0.028125 0.159375
0 0.11484375 0.51796875 0.0421875 0.1234375
0 0.15859375 0.52890625 0.0390625 0.1015625
0 0.328125 0.46328125 0.03125 0.0921875
0 0.35390625 0.3921875 0.04375 0.0890625
0 0.3640625 0.4546875 0.028125 0.075
0 0.3890625 0.46640625 0.0265625 0.0984375
0 0.4109375 0.48125 0.028125 0.10625
0 0.43046875 0.509375 0.04375 0.103125
0 0.45625 0.44921875 0.025 0.1171875
0 0.42421875 0.5609375 0.0328125 0.0375
0 0.00859375 0.5546875 0.0171875 0.05
0 0.19765625 0.56015625 0.0296875 0.0390625
0 0.24765625 0.528125 0.0421875 0.078125
0 0.321875 0.54140625 0.0296875 0.0734375
0 0.37109375 0.53125 0.028125 0.0859375
0 0.334375 0.5671875 0.03125 0.025
0 0.35546875 0.56953125 0.0234375 0.0203125
0 0.2640625 0.56796875 0.04375 0.0234375
0 0.7421875 0.27578125 0.515625 0.5515625
0 0.3109375 0.5953125 0.05 0.03125
0 0.01484375 0.61015625 0.0296875 0.0609375
0 0.53984375 0.89375 0.1421875 0.2125