0 0.31484375 0.33125 0.1203125 0.115625
0 0.178125 0.32109375 0.16875 0.1359375
0 0.4859375 0.3 0.465625 0.178125
0 0.8 0.22578125 0.1625 0.2984375
0 0.92421875 0.090625 0.1515625 0.18125
0 0.84296875 0.0390625 0.0796875 0.078125
0 0.76875 0.0453125 0.096875 0.090625
0 0.9109375 0.03359375 0.05625 0.0671875
0 0.84296875 0.0234375 0.0515625 0.046875
0 0.73125 0.02421875 0.025 0.0484375
0 0.72890625 0.0234375 0.0203125 0.046875
0 0.74921875 0.015625 0.0421875 0.03125
0 0.72734375 0.01484375 0.0171875 0.0296875
0 0.72734375 0.01640625 0.0171875 0.0328125
0 0.79140625 0.0171875 0.0421875 0.034375
0 0.95625 0.015625 0.040625 0.03125
0 0.24453125 0.55390625 0.1546875 0.3296875
0 0.41875 0.559375 0.184375 0.340625
0 0.859375 0.69453125 0.28125 0.6109375