0 0.0109375 0.05546875 0.021875 0.1109375
0 0.01796875 0.09609375 0.0359375 0.1921875
0 0.00859375 0.04609375 0.0171875 0.0921875
0 0.01875 0.078125 0.0375 0.15625
0 0.14140625 0.0828125 0.0828125 0.165625
0 0.06015625 0.08125 0.0671875 0.1625
0 0.3390625 0.09375 0.084375 0.1875
0 0.25625 0.0921875 0.084375 0.184375
0 0.49140625 0.21953125 0.0828125 0.4390625
0 0.46640625 0.31640625 0.0328125 0.2453125
0 0.4875 0.21953125 0.075 0.4390625
0 0.6609375 0.21953125 0.15625 0.4390625
0 0.90390625 0.21953125 0.1921875 0.4390625
0 0.815625 0.37890625 0.08125 0.1203125
0 0.89140625 0.25625 0.1515625 0.365625
0 0.27109375 0.71953125 0.3203125 0.5609375
0 0.725 0.71953125 0.55 0.5609375