0 0.4234375 0.5109375 0.059375 0.1640625
0 0.47109375 0.4921875 0.0421875 0.146875
0 0.521875 0.4984375 0.0578125 0.1296875
0 0.57734375 0.51640625 0.04375 0.1296875
0 0.46171875 0.93203125 0.065625 0.1359375
0 0.525 0.91484375 0.04375 0.121875
0 0.57265625 0.9484375 0.0421875 0.103125
0 0.6890625 0.928125 0.053125 0.14375
0 0.7625 0.9328125 0.0625 0.1296875
0 0.91953125 0.95546875 0.0484375 0.0890625
0 0.85390625 0.9484375 0.040625 0.0953125
0 0.9484375 0.86015625 0.065625 0.15
0 0.83671875 0.76171875 0.040625 0.159375
0 0.74609375 0.828125 0.053125 0.146875
0 0.7859375 0.74921875 0.0328125 0.1375
0 0.9015625 0.75234375 0.0671875 0.1640625
0 0.921875 0.646875 0.0359375 0.075
0 0.96328125 0.5734375 0.046875 0.1703125
0 0.81015625 0.65546875 0.05 0.090625
0 0.8578125 0.5921875 0.0484375 0.11875
0 0.8125 0.5796875 0.0375 0.0890625
0 0.878125 0.53515625 0.03125 0.0796875
0 0.94453125 0.478125 0.0375 0.0796875
0 0.890625 0.3875 0.0390625 0.096875
0 0.92109375 0.38828125 0.03125 0.0765625
0 0.9390625 0.41484375 0.0328125 0.0796875
0 0.965625 0.40390625 0.028125 0.078125
0 0.97734375 0.32890625 0.028125 0.075
0 0.88984375 0.33125 0.034375 0.059375
0 0.6265625 0.8453125 0.0625 0.16875
0 0.68671875 0.80625 0.05 0.1234375
0 0.73046875 0.66484375 0.0609375 0.1671875
0 0.7078125 0.578125 0.0390625 0.1109375
0 0.653125 0.64375 0.0703125 0.159375
0 0.575 0.69296875 0.0625 0.2265625
0 0.471875 0.83203125 0.0375 0.090625
0 0.2296875 0.94140625 0.0671875 0.1171875
0 0.13828125 0.821875 0.10625 0.2375
0 0.2703125 0.8171875 0.046875 0.1515625
0 0.40703125 0.78203125 0.065625 0.221875
0 0.3328125 0.80078125 0.0671875 0.1875
0 0.3328125 0.94609375 0.03125 0.1046875
0 0.28515625 0.66484375 0.059375 0.1484375
0 0.353125 0.63125 0.059375 0.1734375
0 0.4078125 0.65546875 0.0546875 0.140625
0 0.4609375 0.68984375 0.0484375 0.190625
0 0.49921875 0.66640625 0.040625 0.209375
0 0.1140625 0.959375 0.059375 0.08125
0 0.18828125 0.6421875 0.04375 0.184375
0 0.31953125 0.5609375 0.0390625 0.1125
0 0.23203125 0.61875 0.0484375 0.1734375
0 0.12109375 0.6140625 0.0625 0.153125
0 0.0578125 0.5984375 0.0515625 0.128125
0 0.046875 0.4609375 0.0578125 0.1453125
0 0.13515625 0.51796875 0.021875 0.0578125
0 0.10234375 0.5078125 0.0390625 0.0671875
0 0.1265625 0.42890625 0.0453125 0.121875
0 0.16796875 0.44609375 0.03125 0.090625
0 0.3359375 0.3953125 0.0484375 0.2375
0 0.28125 0.4125 0.0515625 0.2
0 0.39296875 0.409375 0.0421875 0.1328125
0 0.43671875 0.39921875 0.0390625 0.109375
0 0.60625 0.46953125 0.03125 0.0921875
0 0.63203125 0.540625 0.04375 0.0890625
0 0.6421875 0.478125 0.028125 0.075
0 0.6671875 0.46640625 0.0265625 0.0984375
0 0.6890625 0.4515625 0.028125 0.10625
0 0.70859375 0.4234375 0.04375 0.1015625
0 0.73984375 0.48359375 0.034375 0.11875
0 0.79375 0.471875 0.0640625 0.165625
0 0.83515625 0.503125 0.0390625 0.075
0 0.86171875 0.45859375 0.025 0.075
0 0.88515625 0.46640625 0.0234375 0.0609375
0 0.9078125 0.51796875 0.0421875 0.1109375
0 0.8328125 0.40390625 0.028125 0.090625
0 0.85234375 0.35390625 0.0375 0.0890625
0 0.8109375 0.340625 0.034375 0.0859375
0 0.76796875 0.33671875 0.0515625 0.1578125
0 0.703125 0.34765625 0.0328125 0.084375
0 0.72421875 0.30390625 0.03125 0.1171875
0 0.775 0.19453125 0.028125 0.13125
0 0.80390625 0.2109375 0.0265625 0.08125
0 0.8265625 0.18984375 0.03125 0.134375
0 0.859375 0.2859375 0.0234375 0.0578125
0 0.80234375 0.28046875 0.0203125 0.053125
0 0.9421875 0.31015625 0.040625 0.109375
0 0.896875 0.2390625 0.046875 0.10625
0 0.9265625 0.2015625 0.0171875 0.0546875
0 0.9421875 0.23046875 0.0234375 0.0515625
0 0.07421875 0.353125 0.034375 0.1
0 0.10859375 0.2859375 0.0609375 0.128125
0 0.02734375 0.30234375 0.0359375 0.103125
0 0.9640625 0.15859375 0.0265625 0.071875
0 0.96796875 0.23359375 0.0234375 0.06875
0 0.90625 0.1515625 0.021875 0.0578125
0 0.47578125 0.32890625 0.0296875 0.125
0 0.52578125 0.4046875 0.0421875 0.078125
0 0.6 0.39140625 0.0296875 0.0734375
0 0.64921875 0.4015625 0.028125 0.0859375
0 0.659375 0.33203125 0.0265625 0.065625
0 0.61328125 0.34609375 0.03125 0.0640625
0 0.634375 0.33203125 0.0234375 0.08125
0 0.58125 0.3265625 0.028125 0.084375
0 0.54296875 0.33125 0.04375 0.0921875
0 0.5140625 0.303125 0.0421875 0.1265625
0 0.42734375 0.29140625 0.0453125 0.109375
0 0.38828125 0.28203125 0.0328125 0.1171875
0 0.359375 0.22890625 0.0390625 0.1109375
0 0.3265625 0.240625 0.0296875 0.078125
0 0.27734375 0.28515625 0.0421875 0.0765625
0 0.29609375 0.2046875 0.034375 0.0859375
0 0.39921875 0.18984375 0.025 0.078125
0 0.4875 0.1921875 0.034375 0.0828125
0 0.61953125 0.246875 0.034375 0.1078125
0 0.5421875 0.22421875 0.03125 0.090625
0 0.5734375 0.19140625 0.03125 0.075
0 0.540625 0.1296875 0.03125 0.0890625
0 0.65390625 0.20234375 0.0390625 0.115625
0 0.684375 0.27734375 0.0296875 0.059375
0 0.7515625 0.175 0.01875 0.040625
0 0.72109375 0.184375 0.0265625 0.0765625
0 0.7 0.2265625 0.0234375 0.05
0 0.675 0.18984375 0.01875 0.046875
0 0.7875 0.1140625 0.0203125 0.0609375
0 0.80859375 0.12265625 0.0234375 0.065625
0 0.86875 0.15078125 0.0421875 0.078125
0 0.04453125 0.15390625 0.0359375 0.096875
0 0.0640625 0.2359375 0.028125 0.0734375
0 0.65 0.12265625 0.021875 0.0609375
0 0.60546875 0.121875 0.028125 0.078125