0 0.38515625 0.040625 0.0296875 0.08125
0 0.35234375 0.03671875 0.0421875 0.0734375
0 0.30078125 0.0328125 0.0578125 0.065625
0 0.2453125 0.03203125 0.04375 0.0640625
0 0.3609375 0.03359375 0.065625 0.0671875
0 0.29765625 0.03046875 0.0453125 0.0609375
0 0.25078125 0.02578125 0.0421875 0.0515625
0 0.134375 0.0359375 0.053125 0.071875
0 0.0609375 0.03203125 0.0625 0.0640625
0 0.01171875 0.021875 0.0234375 0.04375
0 0.01015625 0.0234375 0.0203125 0.046875
0 0.01640625 0.0375 0.0328125 0.075
0 0.01015625 0.03984375 0.0203125 0.0796875
0 0.0765625 0.03671875 0.053125 0.0734375
0 0.03671875 0.034375 0.0328125 0.06875
0 0.01640625 0.040625 0.0328125 0.08125
0 0.00859375 0.01875 0.0171875 0.0375
0 0.01171875 0.0421875 0.0234375 0.084375
0 0.01875 0.02265625 0.0375 0.0453125
0 0.01171875 0.02890625 0.0234375 0.0578125
0 0.01484375 0.021875 0.0296875 0.04375
0 0.0078125 0.01953125 0.015625 0.0390625
0 0.009375 0.01953125 0.01875 0.0390625
0 0.009375 0.0734375 0.01875 0.096875
0 0.0078125 0.071875 0.015625 0.075
0 0.0078125 0.04609375 0.015625 0.0796875
0 0.00703125 0.05625 0.0140625 0.078125
0 0.00703125 0.13125 0.0140625 0.075
0 0.00859375 0.1296875 0.0171875 0.059375
0 0.196875 0.0421875 0.0625 0.084375
0 0.1359375 0.03046875 0.05 0.0609375
0 0.09296875 0.04140625 0.0609375 0.0828125
0 0.11484375 0.02734375 0.0390625 0.0546875
0 0.16953125 0.03984375 0.0703125 0.0796875
0 0.24765625 0.05625 0.0640625 0.1125
0 0.35078125 0.02265625 0.0359375 0.0453125
0 0.36171875 0.046875 0.0484375 0.09375
0 0.32421875 0.05234375 0.0390625 0.1046875
0 0.38359375 0.0609375 0.0328125 0.109375
0 0.2171875 0.02265625 0.03125 0.0453125
0 0.190625 0.021875 0.04375 0.04375
0 0.18125 0.01875 0.028125 0.0375
0 0.15546875 0.02421875 0.0265625 0.0484375
0 0.134375 0.03125 0.028125 0.0625
0 0.1140625 0.04453125 0.04375 0.0890625
0 0.0828125 0.02890625 0.034375 0.0578125
0 0.03046875 0.040625 0.0609375 0.08125
0 0.009375 0.01875 0.01875 0.0375
0 0.00625 0.01953125 0.0125 0.0390625
0 0.00546875 0.01484375 0.0109375 0.0296875
0 0.01015625 0.02734375 0.0203125 0.0546875
0 0.00703125 0.05625 0.0140625 0.090625
0 0.009375 0.10703125 0.01875 0.0890625
0 0.01484375 0.11953125 0.0296875 0.0859375
0 0.05546875 0.12421875 0.053125 0.15625
0 0.1203125 0.11328125 0.0328125 0.084375
0 0.09921875 0.15703125 0.03125 0.1171875
0 0.0484375 0.26640625 0.0296875 0.13125
0 0.01953125 0.25 0.025 0.08125
0 0.0078125 0.2703125 0.015625 0.134375
0 0.00546875 0.17421875 0.0109375 0.0578125
0 0.02109375 0.18046875 0.0203125 0.0515625
0 0.009375 0.15 0.01875 0.109375
0 0.01171875 0.221875 0.0234375 0.10625
0 0.00390625 0.25859375 0.0078125 0.0546875
0 0.00546875 0.23046875 0.0109375 0.0515625
0 0.00625 0.3015625 0.0125 0.071875
0 0.00546875 0.2265625 0.0109375 0.06875
0 0.00546875 0.30859375 0.0109375 0.0578125
0 0.34765625 0.13203125 0.0296875 0.125
0 0.29765625 0.05625 0.0421875 0.078125
0 0.2234375 0.06953125 0.0296875 0.0734375
0 0.17421875 0.059375 0.028125 0.0859375
0 0.1640625 0.12890625 0.0265625 0.065625
0 0.21015625 0.11484375 0.03125 0.0640625
0 0.1890625 0.12890625 0.0234375 0.08125
0 0.2421875 0.134375 0.0296875 0.084375
0 0.28046875 0.1296875 0.04375 0.090625
0 0.309375 0.1578125 0.0421875 0.1265625
0 0.38671875 0.16875 0.0265625 0.109375
0 0.3359375 0.26875 0.034375 0.0828125
0 0.20390625 0.2140625 0.034375 0.10625
0 0.28125 0.23671875 0.0328125 0.090625
0 0.25 0.26953125 0.03125 0.075
0 0.2828125 0.33125 0.03125 0.090625
0 0.16953125 0.25859375 0.0390625 0.115625
0 0.1390625 0.18359375 0.0296875 0.059375
0 0.071875 0.2859375 0.01875 0.040625
0 0.10234375 0.2765625 0.0265625 0.075
0 0.1234375 0.234375 0.0234375 0.05
0 0.1484375 0.27109375 0.01875 0.046875
0 0.0359375 0.346875 0.0203125 0.0609375
0 0.01484375 0.33828125 0.0234375 0.065625
0 0.01015625 0.309375 0.0203125 0.078125
0 0.1734375 0.33828125 0.021875 0.0609375
0 0.21796875 0.3390625 0.028125 0.078125
0 0.41015625 0.36953125 0.0203125 0.0609375
0 0.40625 0.3609375 0.0125 0.078125
0 0.409375 0.3578125 0.01875 0.084375
0 0.4109375 0.37421875 0.021875 0.0515625
0 0.40625 0.29921875 0.0125 0.0640625
0 0.55859375 0.33828125 0.3171875 0.1234375
0 0.09453125 0.78203125 0.1890625 0.3546875
0 0.5453125 0.83359375 0.290625 0.3328125