0 0.4234375 0.4890625 0.059375 0.1640625
0 0.47109375 0.5078125 0.0421875 0.146875
0 0.521875 0.5015625 0.0578125 0.13125
0 0.57734375 0.48359375 0.04375 0.1296875
0 0.46171875 0.06796875 0.065625 0.1359375
0 0.525 0.08515625 0.04375 0.121875
0 0.57265625 0.0515625 0.0421875 0.103125
0 0.6890625 0.071875 0.053125 0.14375
0 0.7625 0.0671875 0.0625 0.1296875
0 0.91953125 0.04453125 0.0484375 0.0890625
0 0.85390625 0.0515625 0.040625 0.09375
0 0.9484375 0.13984375 0.065625 0.15
0 0.83671875 0.23828125 0.040625 0.159375
0 0.74609375 0.171875 0.053125 0.146875
0 0.7859375 0.25078125 0.0328125 0.1390625
0 0.9015625 0.24765625 0.0671875 0.1640625
0 0.921875 0.353125 0.0359375 0.075
0 0.96328125 0.4265625 0.046875 0.1703125
0 0.81015625 0.34453125 0.05 0.090625
0 0.8578125 0.4078125 0.0484375 0.1171875
0 0.8125 0.4203125 0.0375 0.0890625
0 0.878125 0.46484375 0.03125 0.0796875
0 0.94453125 0.521875 0.0375 0.0796875
0 0.890625 0.6125 0.0390625 0.096875
0 0.92109375 0.61171875 0.03125 0.075
0 0.9390625 0.58515625 0.0328125 0.0796875
0 0.965625 0.59609375 0.028125 0.078125
0 0.97734375 0.67109375 0.028125 0.075
0 0.88984375 0.66875 0.034375 0.059375
0 0.6265625 0.1546875 0.0625 0.16875
0 0.68671875 0.19375 0.05 0.1234375
0 0.73046875 0.33515625 0.0609375 0.1671875
0 0.7078125 0.421875 0.0390625 0.1109375
0 0.653125 0.35625 0.0703125 0.159375
0 0.575 0.30703125 0.0625 0.2265625
0 0.471875 0.16796875 0.0375 0.090625
0 0.2296875 0.05859375 0.0671875 0.1171875
0 0.13828125 0.178125 0.10625 0.2375
0 0.2703125 0.1828125 0.046875 0.1515625
0 0.40703125 0.21796875 0.065625 0.221875
0 0.3328125 0.19921875 0.0671875 0.1875
0 0.3328125 0.05390625 0.03125 0.1046875
0 0.28515625 0.33515625 0.059375 0.15
0 0.353125 0.36875 0.059375 0.1734375
0 0.4078125 0.34453125 0.0546875 0.140625
0 0.4609375 0.31015625 0.0484375 0.1890625
0 0.49921875 0.33359375 0.040625 0.209375
0 0.1140625 0.040625 0.059375 0.08125
0 0.18828125 0.3578125 0.04375 0.1859375
0 0.31953125 0.4390625 0.0390625 0.1125
0 0.23203125 0.38125 0.0484375 0.1734375
0 0.12109375 0.3859375 0.0625 0.1546875
0 0.0578125 0.4015625 0.0515625 0.128125
0 0.046875 0.5390625 0.0578125 0.1453125
0 0.13515625 0.48203125 0.021875 0.0578125
0 0.10234375 0.4921875 0.0390625 0.0671875
0 0.1265625 0.57109375 0.0453125 0.121875
0 0.16796875 0.55390625 0.03125 0.090625
0 0.3359375 0.6046875 0.0484375 0.2375
0 0.28125 0.5875 0.0515625 0.2
0 0.39296875 0.590625 0.0421875 0.1328125
0 0.43671875 0.60078125 0.0390625 0.109375
0 0.60625 0.53046875 0.03125 0.0921875
0 0.63203125 0.459375 0.04375 0.0890625
0 0.6421875 0.521875 0.028125 0.075
0 0.6671875 0.53359375 0.0265625 0.0984375
0 0.6890625 0.5484375 0.028125 0.10625
0 0.70859375 0.5765625 0.04375 0.103125
0 0.73984375 0.51640625 0.034375 0.1171875
0 0.79375 0.528125 0.0640625 0.1640625
0 0.83515625 0.496875 0.0390625 0.075
0 0.86171875 0.54140625 0.025 0.075
0 0.88515625 0.53359375 0.0234375 0.0609375
0 0.9078125 0.48203125 0.0421875 0.1109375
0 0.8328125 0.59609375 0.028125 0.090625
0 0.85234375 0.64609375 0.0375 0.0890625
0 0.8109375 0.659375 0.034375 0.0859375
0 0.76796875 0.66328125 0.0515625 0.15625
0 0.703125 0.65234375 0.0328125 0.084375
0 0.72421875 0.69609375 0.03125 0.1171875
0 0.775 0.80546875 0.028125 0.13125
0 0.80390625 0.7890625 0.0265625 0.08125
0 0.8265625 0.81015625 0.03125 0.134375
0 0.859375 0.7140625 0.0234375 0.0578125
0 0.80234375 0.71953125 0.0203125 0.0515625
0 0.9421875 0.68984375 0.040625 0.109375
0 0.896875 0.7609375 0.046875 0.10625
0 0.9265625 0.7984375 0.0171875 0.0546875
0 0.9421875 0.76953125 0.0234375 0.0515625
0 0.07421875 0.646875 0.034375 0.0984375
0 0.10859375 0.7140625 0.0609375 0.128125
0 0.02734375 0.69765625 0.0359375 0.103125
0 0.9640625 0.84140625 0.0265625 0.071875
0 0.96796875 0.76640625 0.0234375 0.06875
0 0.90625 0.8484375 0.021875 0.0578125
0 0.47578125 0.67109375 0.0296875 0.125
0 0.52578125 0.5953125 0.0421875 0.078125
0 0.6 0.60859375 0.0296875 0.0734375
0 0.64921875 0.5984375 0.028125 0.0859375
0 0.659375 0.66796875 0.0265625 0.065625
0 0.61328125 0.65390625 0.03125 0.0640625
0 0.634375 0.66796875 0.0234375 0.08125
0 0.58125 0.6734375 0.028125 0.084375
0 0.54296875 0.66875 0.04375 0.090625
0 0.5140625 0.696875 0.0421875 0.1265625
0 0.42734375 0.70859375 0.0453125 0.109375
0 0.38828125 0.71796875 0.0328125 0.1171875
0 0.359375 0.77109375 0.0390625 0.1109375
0 0.3265625 0.759375 0.0296875 0.078125
0 0.27734375 0.71484375 0.0421875 0.0765625
0 0.29609375 0.7953125 0.034375 0.0859375
0 0.39921875 0.81015625 0.025 0.078125
0 0.4875 0.8078125 0.034375 0.0828125
0 0.61953125 0.753125 0.034375 0.10625
0 0.5421875 0.77578125 0.03125 0.090625
0 0.5734375 0.80859375 0.03125 0.075
0 0.540625 0.8703125 0.03125 0.090625
0 0.65390625 0.79765625 0.0390625 0.115625
0 0.684375 0.72265625 0.0296875 0.059375
0 0.7515625 0.825 0.01875 0.040625
0 0.72109375 0.815625 0.0265625 0.075
0 0.7 0.7734375 0.0234375 0.05
0 0.675 0.81015625 0.01875 0.046875
0 0.7875 0.8859375 0.0203125 0.0609375
0 0.80859375 0.87734375 0.0234375 0.065625
0 0.86875 0.84921875 0.0421875 0.078125
0 0.04453125 0.84609375 0.0359375 0.096875
0 0.0640625 0.7640625 0.028125 0.0734375
0 0.65 0.87734375 0.021875 0.0609375
0 0.60546875 0.878125 0.028125 0.078125