0 0.3671875 0.26875 0.059375 0.1640625
0 0.41484375 0.25 0.0421875 0.146875
0 0.4625 0.25546875 0.053125 0.1296875
0 0.415625 0.55625 0.0375 0.025
0 0.08125 0.51484375 0.10625 0.1078125
0 0.2140625 0.53359375 0.046875 0.0703125
0 0.35 0.4984375 0.065625 0.140625
0 0.27578125 0.51640625 0.0671875 0.1046875
0 0.22890625 0.42265625 0.059375 0.1484375
0 0.296875 0.3890625 0.059375 0.1734375
0 0.3515625 0.41328125 0.0546875 0.140625
0 0.4046875 0.44765625 0.0484375 0.190625
0 0.44296875 0.42421875 0.040625 0.209375
0 0.13203125 0.4 0.04375 0.184375
0 0.26328125 0.31875 0.0390625 0.1125
0 0.17578125 0.3765625 0.0484375 0.1734375
0 0.06484375 0.371875 0.0625 0.153125
0 0.01328125 0.35625 0.0265625 0.128125
0 0.0140625 0.21796875 0.028125 0.1453125
0 0.07890625 0.27578125 0.021875 0.0578125
0 0.04609375 0.265625 0.0390625 0.0671875
0 0.0703125 0.18671875 0.0453125 0.121875
0 0.11171875 0.20390625 0.03125 0.090625
0 0.2796875 0.153125 0.0484375 0.2375
0 0.225 0.1703125 0.0515625 0.2
0 0.33671875 0.1671875 0.0421875 0.1328125
0 0.38046875 0.15703125 0.0390625 0.109375
0 0.01796875 0.1109375 0.034375 0.1
0 0.05234375 0.05390625 0.0609375 0.1078125
0 0.00859375 0.059375 0.0171875 0.103125
0 0.41953125 0.08671875 0.0296875 0.125
0 0.46875 0.1625 0.040625 0.078125
0 0.4765625 0.08828125 0.025 0.0921875
0 0.45703125 0.06171875 0.0421875 0.1234375
0 0.37109375 0.0515625 0.0453125 0.103125
0 0.33203125 0.04921875 0.0328125 0.0984375
0 0.30234375 0.02734375 0.0390625 0.0546875
0 0.26953125 0.01953125 0.0296875 0.0390625
0 0.22109375 0.04296875 0.0421875 0.0765625
0 0.2390625 0.02109375 0.034375 0.0421875
0 0.3421875 0.01953125 0.025 0.0390625
0 0.43125 0.0203125 0.034375 0.040625
0 0.4796875 0.02265625 0.01875 0.0453125
0 0.47890625 0.021875 0.0203125 0.04375
0 0.00859375 0.02421875 0.0171875 0.0484375
0 0.0109375 0.01796875 0.021875 0.0359375
0 0.90546875 0.284375 0.1890625 0.56875
0 0.703125 0.284375 0.30625 0.56875
0 0.5453125 0.284375 0.1125 0.56875
0 0.53046875 0.284375 0.0828125 0.56875
0 0.25625 0.784375 0.465625 0.43125
0 0.53828125 0.68828125 0.0421875 0.1515625
0 0.84296875 0.59765625 0.0359375 0.0578125
0 0.5796875 0.85 0.040625 0.11875
0 0.58125 0.7015625 0.03125 0.134375
0 0.81875 0.88125 0.0296875 0.0953125
0 0.84765625 0.590625 0.0265625 0.04375
0 0.57265625 0.953125 0.0484375 0.09375
0 0.51484375 0.621875 0.0234375 0.084375
0 0.53515625 0.8125 0.028125 0.1125
0 0.86171875 0.88359375 0.0203125 0.0578125
0 0.94140625 0.6046875 0.0328125 0.071875
0 0.8078125 0.58359375 0.03125 0.0296875
0 0.77421875 0.59453125 0.0234375 0.0515625
0 0.890625 0.609375 0.040625 0.08125
0 0.97265625 0.66015625 0.0390625 0.1296875
0 0.50078125 0.88671875 0.0234375 0.1828125
0 0.6328125 0.67421875 0.0328125 0.1484375
0 0.81953125 0.7984375 0.034375 0.14375
0 0.49453125 0.746875 0.0109375 0.109375
0 0.81015625 0.6546875 0.03125 0.11875
0 0.73046875 0.603125 0.0515625 0.06875
0 0.97578125 0.60546875 0.0359375 0.0734375
0 0.64609375 0.59140625 0.0296875 0.0453125
0 0.83828125 0.6296875 0.0359375 0.121875
0 0.6484375 0.6046875 0.034375 0.071875
0 0.81015625 0.59453125 0.0265625 0.0515625
0 0.721875 0.83828125 0.0359375 0.115625
0 0.65703125 0.94921875 0.0609375 0.1015625
0 0.88359375 0.93828125 0.0671875 0.1234375
0 0.93125 0.92421875 0.053125 0.1515625
0 0.978125 0.84453125 0.04375 0.2484375
0 0.89765625 0.80390625 0.0328125 0.1375
0 0.93203125 0.74921875 0.046875 0.2078125
0 0.86640625 0.7609375 0.0359375 0.2125
0 0.9203125 0.60390625 0.025 0.0703125
0 0.94375 0.6015625 0.028125 0.065625
0 0.66328125 0.73203125 0.04375 0.1875
0 0.7046875 0.72265625 0.034375 0.1890625
0 0.734375 0.73203125 0.028125 0.140625
0 0.61015625 0.60859375 0.0359375 0.0796875
0 0.57421875 0.60703125 0.0265625 0.0765625
0 0.58125 0.5921875 0.021875 0.046875
0 0.54140625 0.59609375 0.0234375 0.0546875