0 0.13984375 0.27265625 0.0734375 0.1921875
0 0.22578125 0.30859375 0.0765625 0.1203125
0 0.3828125 0.29921875 0.053125 0.1390625
0 0.31640625 0.3015625 0.0671875 0.134375
0 0.66796875 0.24296875 0.2640625 0.2515625
0 0.9421875 0.24375 0.028125 0.0828125
0 0.27265625 0.90625 0.1515625 0.1875
0 0.0578125 0.90234375 0.115625 0.1953125
0 0.0921875 0.56953125 0.153125 0.4015625
0 0.27890625 0.56640625 0.1140625 0.3953125
0 0.0328125 0.5625 0.065625 0.3875
0 0.09609375 0.90546875 0.1421875 0.1890625
0 0.678125 0.684375 0.5375 0.63125