0 0.5390625 0.0328125 0.040625 0.065625
0 0.51875 0.04765625 0.034375 0.0953125
0 0.040625 0.028125 0.040625 0.05625
0 0.1234375 0.04140625 0.05 0.0828125
0 0.171875 0.03203125 0.028125 0.0640625
0 0.29609375 0.04609375 0.0296875 0.0921875
0 0.44609375 0.0421875 0.0328125 0.084375
0 0.42734375 0.025 0.0390625 0.05
0 0.45234375 0.025 0.0265625 0.05
0 0.4859375 0.034375 0.028125 0.06875
0 0.36015625 0.040625 0.0359375 0.08125
0 0.04296875 0.0421875 0.0390625 0.084375
0 0.071875 0.03359375 0.03125 0.0671875
0 0.125 0.03359375 0.03125 0.0671875
0 0.2015625 0.0390625 0.0375 0.078125
0 0.13984375 0.02734375 0.0296875 0.0546875
0 0.01015625 0.03671875 0.0203125 0.0734375
0 0.0078125 0.025 0.015625 0.05
0 0.0078125 0.03046875 0.015625 0.0609375
0 0.009375 0.0203125 0.01875 0.040625
0 0.00546875 0.04921875 0.0109375 0.0984375
0 0.00625 0.025 0.0125 0.05
0 0.01015625 0.034375 0.0203125 0.06875
0 0.01484375 0.04609375 0.0296875 0.0921875
0 0.00390625 0.05234375 0.0078125 0.1046875
0 0.00625 0.05703125 0.0125 0.1140625
0 0.375 0.046875 0.028125 0.09375
0 0.40234375 0.02109375 0.0359375 0.0421875
0 0.40390625 0.115625 0.03125 0.203125
0 0.0109375 0.03828125 0.021875 0.0765625
0 0.00859375 0.04453125 0.0171875 0.0890625
0 0.09375 0.1484375 0.01875 0.115625
0 0.2328125 0.0359375 0.053125 0.071875
0 0.2734375 0.19609375 0.0390625 0.1328125
0 0.48046875 0.14296875 0.0234375 0.10625
0 0.0109375 0.09375 0.021875 0.125
0 0.871875 0.34140625 0.25625 0.4359375
0 0.66484375 0.3046875 0.2109375 0.509375
0 0.5765625 0.240625 0.034375 0.33125
0 0.57421875 0.240625 0.0296875 0.309375
0 0.453125 0.653125 0.0515625 0.1375
0 0.259375 0.61640625 0.10625 0.1140625
0 0.02265625 0.63203125 0.0453125 0.1453125
0 0.11640625 0.78046875 0.09375 0.271875
0 0.17578125 0.76875 0.0984375 0.2140625
0 0.29296875 0.73359375 0.09375 0.178125
0 0.36171875 0.69609375 0.0625 0.184375
0 0.534375 0.70390625 0.05 0.2828125
0 0.0203125 0.81015625 0.040625 0.1015625
0 0.43984375 0.81640625 0.0453125 0.059375
0 0.40078125 0.84296875 0.028125 0.0625
0 0.32734375 0.84140625 0.0359375 0.046875
0 0.2328125 0.865625 0.03125 0.065625
0 0.2546875 0.8828125 0.01875 0.034375
0 0.06640625 0.8953125 0.0390625 0.0703125
0 0.01640625 0.80859375 0.0328125 0.1359375
0 0.03046875 0.828125 0.0609375 0.190625
0 0.65546875 0.915625 0.1921875 0.16875