0 0.5765625 0.4890625 0.059375 0.1640625
0 0.52890625 0.5078125 0.0421875 0.146875
0 0.478125 0.5015625 0.0578125 0.13125
0 0.42265625 0.48359375 0.04375 0.1296875
0 0.53828125 0.06796875 0.065625 0.1359375
0 0.475 0.08515625 0.0453125 0.121875
0 0.42734375 0.0515625 0.0421875 0.103125
0 0.3109375 0.071875 0.053125 0.14375
0 0.2375 0.0671875 0.0625 0.1296875
0 0.08046875 0.04453125 0.0484375 0.0890625
0 0.14609375 0.0515625 0.040625 0.09375
0 0.0515625 0.13984375 0.065625 0.15
0 0.16328125 0.23828125 0.040625 0.159375
0 0.25390625 0.171875 0.053125 0.146875
0 0.2140625 0.25078125 0.0328125 0.1390625
0 0.0984375 0.24765625 0.0671875 0.1640625
0 0.078125 0.353125 0.0359375 0.075
0 0.03671875 0.4265625 0.046875 0.1703125
0 0.18984375 0.34453125 0.05 0.090625
0 0.1421875 0.4078125 0.0484375 0.1171875
0 0.1875 0.4203125 0.0375 0.0890625
0 0.121875 0.46484375 0.03125 0.0796875
0 0.05546875 0.521875 0.0375 0.0796875
0 0.109375 0.6125 0.0390625 0.096875
0 0.07890625 0.61171875 0.03125 0.075
0 0.0609375 0.58515625 0.0328125 0.0796875
0 0.034375 0.59609375 0.028125 0.078125
0 0.02265625 0.67109375 0.028125 0.075
0 0.11015625 0.66875 0.034375 0.059375
0 0.3734375 0.1546875 0.0625 0.16875
0 0.31328125 0.19375 0.05 0.1234375
0 0.26953125 0.33515625 0.0609375 0.1671875
0 0.2921875 0.421875 0.0390625 0.1109375
0 0.346875 0.35625 0.0703125 0.159375
0 0.425 0.30703125 0.0640625 0.2265625
0 0.528125 0.16796875 0.0359375 0.090625
0 0.7703125 0.05859375 0.0671875 0.1171875
0 0.86171875 0.178125 0.10625 0.2375
0 0.7296875 0.1828125 0.046875 0.1515625
0 0.59296875 0.21796875 0.065625 0.221875
0 0.6671875 0.19921875 0.0671875 0.1875
0 0.6671875 0.05390625 0.03125 0.1046875
0 0.71484375 0.33515625 0.059375 0.15
0 0.646875 0.36875 0.059375 0.1734375
0 0.5921875 0.34453125 0.0546875 0.140625
0 0.5390625 0.31015625 0.0484375 0.1890625
0 0.50078125 0.33359375 0.0390625 0.209375
0 0.8859375 0.040625 0.059375 0.08125
0 0.81171875 0.3578125 0.04375 0.1859375
0 0.68046875 0.4390625 0.0390625 0.1125
0 0.76796875 0.38125 0.0484375 0.1734375
0 0.87890625 0.3859375 0.0625 0.1546875
0 0.9421875 0.4015625 0.0515625 0.128125
0 0.953125 0.5390625 0.0578125 0.1453125
0 0.86484375 0.48203125 0.021875 0.0578125
0 0.89765625 0.4921875 0.0390625 0.0671875
0 0.8734375 0.57109375 0.0453125 0.121875
0 0.83203125 0.55390625 0.03125 0.090625
0 0.6640625 0.6046875 0.0484375 0.2375
0 0.71875 0.5875 0.0515625 0.2
0 0.60703125 0.590625 0.0421875 0.1328125
0 0.56328125 0.60078125 0.0390625 0.109375
0 0.39375 0.53046875 0.03125 0.0921875
0 0.36796875 0.459375 0.04375 0.0890625
0 0.3578125 0.521875 0.028125 0.075
0 0.3328125 0.53359375 0.0265625 0.0984375
0 0.3109375 0.5484375 0.028125 0.10625
0 0.29140625 0.5765625 0.04375 0.103125
0 0.26015625 0.51640625 0.034375 0.1171875
0 0.20625 0.528125 0.0640625 0.1640625
0 0.16484375 0.496875 0.0390625 0.075
0 0.13828125 0.54140625 0.025 0.075
0 0.11484375 0.53359375 0.0234375 0.0609375
0 0.0921875 0.48203125 0.0421875 0.1109375
0 0.1671875 0.59609375 0.028125 0.090625
0 0.14765625 0.64609375 0.0375 0.0890625
0 0.1890625 0.659375 0.034375 0.0859375
0 0.23203125 0.66328125 0.053125 0.15625
0 0.296875 0.65234375 0.0328125 0.084375
0 0.27578125 0.69609375 0.03125 0.1171875
0 0.225 0.80546875 0.0296875 0.13125
0 0.19609375 0.7890625 0.025 0.08125
0 0.1734375 0.81015625 0.03125 0.134375
0 0.140625 0.7140625 0.0234375 0.0578125
0 0.19765625 0.71953125 0.0203125 0.0515625
0 0.0578125 0.68984375 0.0390625 0.109375
0 0.103125 0.7609375 0.046875 0.10625
0 0.0734375 0.7984375 0.0171875 0.0546875
0 0.0578125 0.76953125 0.0234375 0.0515625
0 0.92578125 0.646875 0.034375 0.0984375
0 0.89140625 0.7140625 0.0609375 0.128125
0 0.97265625 0.69765625 0.0359375 0.103125
0 0.0359375 0.84140625 0.0265625 0.071875
0 0.03203125 0.76640625 0.0234375 0.06875
0 0.09375 0.8484375 0.021875 0.0578125
0 0.52421875 0.67109375 0.0296875 0.125
0 0.47421875 0.5953125 0.0421875 0.078125
0 0.4 0.60859375 0.0296875 0.0734375
0 0.35078125 0.5984375 0.028125 0.0859375
0 0.340625 0.66796875 0.0265625 0.065625
0 0.38671875 0.65390625 0.03125 0.0640625
0 0.365625 0.66796875 0.0234375 0.08125
0 0.41875 0.6734375 0.0296875 0.084375
0 0.45703125 0.66875 0.04375 0.090625
0 0.4859375 0.696875 0.0421875 0.1265625
0 0.57265625 0.70859375 0.0453125 0.109375
0 0.61171875 0.71796875 0.034375 0.1171875
0 0.640625 0.77109375 0.0390625 0.1109375
0 0.6734375 0.759375 0.0296875 0.078125
0 0.72265625 0.71484375 0.0421875 0.0765625
0 0.70390625 0.7953125 0.034375 0.0859375
0 0.60078125 0.81015625 0.025 0.078125
0 0.5125 0.8078125 0.034375 0.0828125
0 0.38046875 0.753125 0.034375 0.10625
0 0.4578125 0.77578125 0.0328125 0.090625
0 0.4265625 0.80859375 0.03125 0.075
0 0.459375 0.8703125 0.03125 0.090625
0 0.34609375 0.79765625 0.0390625 0.115625
0 0.315625 0.72265625 0.0296875 0.059375
0 0.2484375 0.825 0.01875 0.040625
0 0.27890625 0.815625 0.0265625 0.075
0 0.3 0.7734375 0.0234375 0.05
0 0.325 0.81015625 0.01875 0.046875
0 0.2125 0.8859375 0.0203125 0.0609375
0 0.19140625 0.87734375 0.0234375 0.065625
0 0.13125 0.84921875 0.0421875 0.078125
0 0.95546875 0.84609375 0.0359375 0.096875
0 0.9359375 0.7640625 0.028125 0.0734375
0 0.35 0.87734375 0.021875 0.0609375
0 0.39453125 0.878125 0.028125 0.078125