0 0.171875 0.440625 0.059375 0.1640625
0 0.12421875 0.4578125 0.0421875 0.14375
0 0.0734375 0.453125 0.0578125 0.13125
0 0.01953125 0.43515625 0.0390625 0.1296875
0 0.1328125 0.04375 0.065625 0.0875
0 0.06953125 0.0484375 0.0453125 0.096875
0 0.02265625 0.02734375 0.0421875 0.0546875
0 0.01328125 0.04765625 0.0265625 0.0953125
0 0.015625 0.04140625 0.03125 0.0828125
0 0.01171875 0.021875 0.0234375 0.04375
0 0.01015625 0.025 0.0203125 0.05
0 0.01640625 0.090625 0.0328125 0.15
0 0.01015625 0.1890625 0.0203125 0.159375
0 0.01328125 0.1234375 0.0265625 0.146875
0 0.0078125 0.20234375 0.015625 0.1390625
0 0.01640625 0.19921875 0.0328125 0.1640625
0 0.00859375 0.3046875 0.0171875 0.075
0 0.01171875 0.37734375 0.0234375 0.1703125
0 0.0125 0.2953125 0.025 0.090625
0 0.01171875 0.35859375 0.0234375 0.1171875
0 0.009375 0.37109375 0.01875 0.0890625
0 0.0078125 0.41640625 0.015625 0.0796875
0 0.009375 0.47265625 0.01875 0.0796875
0 0.015625 0.10625 0.03125 0.16875
0 0.0125 0.14453125 0.025 0.1234375
0 0.01484375 0.28671875 0.0296875 0.1671875
0 0.009375 0.37265625 0.01875 0.1109375
0 0.0171875 0.3078125 0.034375 0.159375
0 0.02578125 0.25859375 0.0515625 0.2265625
0 0.1234375 0.11953125 0.0359375 0.090625
0 0.36484375 0.034375 0.0671875 0.06875
0 0.45703125 0.1296875 0.10625 0.2375
0 0.325 0.134375 0.046875 0.1515625
0 0.18828125 0.16953125 0.065625 0.221875
0 0.2625 0.15078125 0.0671875 0.1875
0 0.2625 0.02890625 0.03125 0.0578125
0 0.31015625 0.28671875 0.059375 0.15
0 0.2421875 0.3203125 0.059375 0.1734375
0 0.1875 0.29609375 0.0546875 0.140625
0 0.134375 0.26171875 0.0484375 0.1890625
0 0.09609375 0.28515625 0.0390625 0.209375
0 0.48125 0.0203125 0.059375 0.040625
0 0.40703125 0.309375 0.04375 0.1859375
0 0.27578125 0.390625 0.0390625 0.1125
0 0.36328125 0.3328125 0.0484375 0.1734375
0 0.47421875 0.3375 0.0625 0.1546875
0 0.5375 0.353125 0.0515625 0.128125
0 0.54765625 0.4734375 0.0578125 0.1125
0 0.46015625 0.43359375 0.021875 0.0578125
0 0.49296875 0.44375 0.0390625 0.0671875
0 0.46796875 0.4953125 0.0453125 0.06875
0 0.4265625 0.49453125 0.03125 0.0703125
0 0.25859375 0.48359375 0.0484375 0.0921875
0 0.31328125 0.484375 0.0515625 0.090625
0 0.20234375 0.50234375 0.0421875 0.0546875
0 0.15859375 0.51328125 0.0390625 0.0328125
0 0.0078125 0.48203125 0.015625 0.0921875
0 0.0109375 0.41015625 0.021875 0.0890625
0 0.00703125 0.4734375 0.0140625 0.075
0 0.00625 0.4828125 0.0125 0.09375
0 0.00703125 0.48828125 0.0140625 0.0828125
0 0.0109375 0.503125 0.021875 0.053125
0 0.00859375 0.46796875 0.0171875 0.1171875
0 0.015625 0.46328125 0.03125 0.1328125
0 0.009375 0.4484375 0.01875 0.075
0 0.00625 0.4921875 0.0125 0.075
0 0.00546875 0.48515625 0.0109375 0.0609375
0 0.01015625 0.43359375 0.0203125 0.1109375
0 0.06953125 0.51875 0.0421875 0.021875
0 0.64140625 0.159375 0.1046875 0.140625
0 0.29453125 0.76484375 0.5890625 0.4703125
0 0.98203125 0.7171875 0.0359375 0.2875