0 0.61875 0.05703125 0.046875 0.1140625
0 0.671875 0.08125 0.015625 0.11875
0 0.59609375 0.37734375 0.034375 0.1375
0 0.64765625 0.4015625 0.021875 0.1140625
0 0.1171875 0.04765625 0.040625 0.0953125
0 0.2 0.078125 0.05 0.15625
0 0.24921875 0.14765625 0.028125 0.1296875
0 0.37265625 0.0828125 0.0296875 0.165625
0 0.52265625 0.1046875 0.0328125 0.1703125
0 0.5046875 0.2359375 0.0390625 0.1015625
0 0.52890625 0.26796875 0.0265625 0.1
0 0.5625 0.15859375 0.028125 0.1390625
0 0.43671875 0.35625 0.0359375 0.1515625
0 0.11953125 0.1875 0.0390625 0.1703125
0 0.1484375 0.196875 0.03125 0.134375
0 0.2015625 0.23515625 0.03125 0.134375
0 0.27890625 0.20078125 0.0375 0.15625
0 0.2171875 0.29921875 0.0296875 0.109375
0 0.01015625 0.06484375 0.0203125 0.1296875
0 0.0078125 0.046875 0.015625 0.09375
0 0.0078125 0.0984375 0.015625 0.121875
0 0.009375 0.03203125 0.01875 0.0640625
0 0.00546875 0.3734375 0.0109375 0.15
0 0.03984375 0.296875 0.0265625 0.1015625
0 0.01015625 0.2015625 0.0203125 0.1375
0 0.01484375 0.171875 0.0296875 0.184375
0 0.00390625 0.3921875 0.0078125 0.125
0 0.00625 0.1140625 0.0125 0.228125
0 0.4515625 0.084375 0.028125 0.16875
0 0.47890625 0.0328125 0.0359375 0.065625
0 0.48046875 0.465625 0.03125 0.203125
0 0.03984375 0.18515625 0.04375 0.153125
0 0.0640625 0.090625 0.0359375 0.1796875
0 0.1703125 0.4984375 0.01875 0.115625
0 0.309375 0.0625 0.053125 0.125
0 0.34921875 0.53984375 0.0390625 0.1203125
0 0.55703125 0.49296875 0.0234375 0.10625
0 0.07890625 0.44375 0.0390625 0.125
0 0.93828125 0.4703125 0.0828125 0.2265625
0 0.98671875 0.35703125 0.0265625 0.1296875
0 0.8109375 0.46796875 0.0875 0.2390625
0 0.884375 0.46875 0.05625 0.23125
0 0.984375 0.39453125 0.03125 0.1484375
0 0.82890625 0.2703125 0.0828125 0.146875
0 0.73125 0.42734375 0.103125 0.3046875
0 0.53203125 0.95390625 0.0828125 0.0921875
0 0.2765625 0.925 0.0453125 0.109375
0 0.45625 0.9734375 0.059375 0.053125
0 0.30546875 0.86328125 0.053125 0.11875
0 0.37734375 0.6234375 0.0359375 0.046875
0 0.02265625 0.6296875 0.0421875 0.059375
0 0.03359375 0.95234375 0.0671875 0.0953125
0 0.42890625 0.75625 0.04375 0.0953125
0 0.16796875 0.96328125 0.0484375 0.0734375
0 0.13828125 0.9046875 0.046875 0.125
0 0.0125 0.8640625 0.025 0.065625
0 0.4359375 0.90234375 0.0421875 0.0953125
0 0.11015625 0.76171875 0.0515625 0.0984375
0 0.52265625 0.85234375 0.0421875 0.109375
0 0.22578125 0.83125 0.0421875 0.08125
0 0.1625 0.78828125 0.0515625 0.1140625
0 0.4921875 0.79296875 0.034375 0.071875
0 0.11953125 0.64765625 0.0421875 0.0953125
0 0.55078125 0.8078125 0.0390625 0.1046875
0 0.31328125 0.753125 0.0421875 0.1078125
0 0.15859375 0.6765625 0.04375 0.1140625
0 0.0171875 0.95625 0.034375 0.0875
0 0.0765625 0.65234375 0.046875 0.1046875
0 0.4484375 0.63359375 0.0375 0.0671875
0 0.00703125 0.6171875 0.0140625 0.034375
0 0.4609375 0.65859375 0.046875 0.1171875
0 0.05703125 0.8078125 0.0546875 0.115625
0 0.0140625 0.7875 0.028125 0.09375
0 0.246875 0.74375 0.0484375 0.103125
0 0.2265625 0.9234375 0.053125 0.1046875
0 0.028125 0.6984375 0.0484375 0.1078125
0 0.01640625 0.6828125 0.0328125 0.13125
0 0.63125 0.62578125 0.040625 0.0515625
0 0.38203125 0.75546875 0.0515625 0.10625
0 0.40546875 0.95078125 0.0515625 0.0984375
0 0.01328125 0.81171875 0.0265625 0.1140625
0 0.0828125 0.95546875 0.0390625 0.0859375
0 0.1890625 0.61953125 0.028125 0.0390625
0 0.01328125 0.7421875 0.0265625 0.13125
0 0.1890625 0.6328125 0.03125 0.065625
0 0.55078125 0.7234375 0.034375 0.090625
0 0.29296875 0.6953125 0.040625 0.1109375
0 0.2625 0.61796875 0.034375 0.0359375
0 0.6 0.628125 0.046875 0.05625
0 0.18984375 0.7109375 0.03125 0.1015625
0 0.25 0.625 0.0375 0.05
0 0.32890625 0.63046875 0.0421875 0.0609375
0 0.4765625 0.753125 0.0296875 0.075
0 0.15 0.62578125 0.040625 0.0515625
0 0.603125 0.6171875 0.0375 0.034375
0 0.0140625 0.6453125 0.028125 0.090625
0 0.00859375 0.61953125 0.0171875 0.0390625
0 0.16015625 0.61953125 0.0328125 0.0390625
0 0.6078125 0.8890625 0.08125 0.221875
0 0.30859375 0.63125 0.0421875 0.0625
0 0.484375 0.634375 0.04375 0.06875
0 0.60703125 0.71875 0.046875 0.1203125
0 0.7671875 0.88046875 0.175 0.2390625
0 0.9625 0.94296875 0.075 0.1140625
0 0.871875 0.959375 0.14375 0.08125