0 0.90234375 0.93359375 0.046875 0.1328125
0 0.96171875 0.89921875 0.0296875 0.11875
0 0.87890625 0.60390625 0.034375 0.1375
0 0.93046875 0.5796875 0.021875 0.1140625
0 0.40078125 0.94296875 0.040625 0.1140625
0 0.4828125 0.9078125 0.05 0.1671875
0 0.53203125 0.83359375 0.028125 0.1296875
0 0.65546875 0.9078125 0.0296875 0.184375
0 0.80546875 0.8765625 0.0328125 0.16875
0 0.7875 0.7453125 0.0390625 0.1015625
0 0.81171875 0.71328125 0.0265625 0.1
0 0.8453125 0.82265625 0.028125 0.1390625
0 0.71953125 0.625 0.0359375 0.1515625
0 0.40234375 0.79375 0.0390625 0.1703125
0 0.43125 0.784375 0.03125 0.1328125
0 0.484375 0.74609375 0.03125 0.134375
0 0.56171875 0.78046875 0.0375 0.15625
0 0.5 0.68203125 0.0296875 0.1109375
0 0.28359375 0.92578125 0.040625 0.1484375
0 0.14921875 0.9375 0.0328125 0.1
0 0.0984375 0.8828125 0.03125 0.121875
0 0.04140625 0.95859375 0.0390625 0.0828125
0 0.275 0.6078125 0.0234375 0.15
0 0.32265625 0.684375 0.0265625 0.1015625
0 0.1296875 0.77890625 0.040625 0.1375
0 0.0296875 0.809375 0.059375 0.184375
0 0.14296875 0.5890625 0.0171875 0.125
0 0.18515625 0.86640625 0.025 0.228125
0 0.73515625 0.90625 0.028125 0.1875
0 0.76171875 0.9578125 0.0359375 0.084375
0 0.76328125 0.515625 0.03125 0.203125
0 0.32265625 0.79609375 0.04375 0.153125
0 0.346875 0.890625 0.0359375 0.1796875
0 0.453125 0.4828125 0.01875 0.115625
0 0.59296875 0.928125 0.053125 0.14375
0 0.6328125 0.43515625 0.0390625 0.1328125
0 0.83984375 0.48828125 0.0234375 0.10625
0 0.36171875 0.5375 0.0390625 0.1265625