0 0.3515625 0.61015625 0.040625 0.0578125
0 0.434375 0.57890625 0.05 0.1203125
0 0.48359375 0.52890625 0.028125 0.1296875
0 0.35390625 0.4890625 0.0390625 0.1703125
0 0.3828125 0.4796875 0.03125 0.1328125
0 0.4359375 0.44140625 0.03125 0.134375
0 0.50625 0.475 0.025 0.15625
0 0.4515625 0.37734375 0.0296875 0.1109375
0 0.234375 0.59296875 0.040625 0.0921875
0 0.10078125 0.6109375 0.0328125 0.05625
0 0.05 0.578125 0.03125 0.121875
0 0.2265625 0.303125 0.0234375 0.15
0 0.27421875 0.3796875 0.0265625 0.1015625
0 0.08125 0.47421875 0.040625 0.1375
0 0.01484375 0.5046875 0.0296875 0.184375
0 0.09453125 0.284375 0.0171875 0.125
0 0.1359375 0.54296875 0.025 0.1921875
0 0.27421875 0.49140625 0.04375 0.153125
0 0.29765625 0.5671875 0.0359375 0.14375
0 0.4046875 0.178125 0.01875 0.115625
0 0.31328125 0.2328125 0.0390625 0.1265625
0 0.85703125 0.26875 0.2859375 0.5375
0 0.15 0.753125 0.3 0.228125
0 0.83671875 0.81953125 0.3265625 0.3609375