0 0.13515625 0.2375 0.1203125 0.0625
0 0.13125 0.134375 0.2625 0.26875
0 0.93515625 0.0796875 0.1296875 0.159375
0 0.3640625 0.634375 0.309375 0.73125
0 0.95625 0.32734375 0.0875 0.1171875
0 0.6671875 0.371875 0.184375 0.20625
0 0.56015625 0.47109375 0.0828125 0.2984375
0 0.80546875 0.5296875 0.1859375 0.3609375
0 0.9625 0.828125 0.0671875 0.0984375
0 0.909375 0.7046875 0.0921875 0.115625
0 0.759375 0.728125 0.071875 0.109375
0 0.82578125 0.753125 0.0546875 0.0953125
0 0.89609375 0.8078125 0.059375 0.1
0 0.7078125 0.86171875 0.0484375 0.0875
0 0.78984375 0.87578125 0.0359375 0.078125
0 0.6890625 0.92265625 0.040625 0.0828125
0 0.63125 0.784375 0.090625 0.1515625
0 0.58828125 0.6609375 0.1390625 0.290625
0 0.53828125 0.69140625 0.0390625 0.1453125
0 0.54296875 0.74296875 0.0484375 0.1828125
0 0.53984375 0.80546875 0.0421875 0.1359375
0 0.53125 0.853125 0.025 0.09375
0 0.53125 0.82734375 0.025 0.0984375
0 0.52890625 0.86953125 0.0203125 0.0953125
0 0.52890625 0.91640625 0.0203125 0.0640625
0 0.52734375 0.96171875 0.0171875 0.0609375
0 0.52734375 0.97890625 0.0171875 0.0421875
0 0.52890625 0.94375 0.0203125 0.06875
0 0.578125 0.98828125 0.040625 0.0234375
0 0.640625 0.903125 0.0375 0.0703125