0 0.0390625 0.18125 0.059375 0.1640625
0 0.08671875 0.2 0.0421875 0.146875
0 0.1375 0.19375 0.0578125 0.13125
0 0.19296875 0.17578125 0.04375 0.1296875
0 0.0765625 0.03359375 0.065625 0.0671875
0 0.140625 0.03046875 0.04375 0.0609375
0 0.18828125 0.02578125 0.0421875 0.0515625
0 0.3046875 0.0359375 0.053125 0.071875
0 0.378125 0.03203125 0.0625 0.0640625
0 0.46875 0.0234375 0.040625 0.046875
0 0.4515625 0.03984375 0.040625 0.0796875
0 0.3609375 0.03671875 0.053125 0.0734375
0 0.40078125 0.034375 0.0328125 0.06875
0 0.50625 0.040625 0.046875 0.08125
0 0.52421875 0.0453125 0.0109375 0.075
0 0.425 0.040625 0.05 0.08125
0 0.4734375 0.1 0.0484375 0.1171875
0 0.428125 0.1125 0.0375 0.0890625
0 0.49375 0.15703125 0.03125 0.0796875
0 0.50625 0.3046875 0.0390625 0.096875
0 0.525 0.303125 0.009375 0.075
0 0.50546875 0.3609375 0.034375 0.059375
0 0.2421875 0.0421875 0.0625 0.084375
0 0.3015625 0.03046875 0.05 0.0609375
0 0.34609375 0.05546875 0.0609375 0.1109375
0 0.3234375 0.1140625 0.0390625 0.1109375
0 0.26796875 0.0640625 0.0703125 0.128125
0 0.190625 0.05625 0.0625 0.1125
0 0.0875 0.02265625 0.0375 0.0453125
0 0.01640625 0.02890625 0.0328125 0.0578125
0 0.0265625 0.059375 0.053125 0.11875
0 0.01171875 0.0375 0.0234375 0.075
0 0.02734375 0.05546875 0.0546875 0.1109375
0 0.01640625 0.046875 0.0328125 0.09375
0 0.0078125 0.02578125 0.015625 0.0515625
0 0.01484375 0.05078125 0.0296875 0.1015625
0 0.01484375 0.0734375 0.0296875 0.146875
0 0.025 0.053125 0.05 0.10625
0 0.07578125 0.0484375 0.0484375 0.096875
0 0.1140625 0.06484375 0.040625 0.1296875
0 0.01484375 0.0203125 0.0296875 0.040625
0 0.0109375 0.07109375 0.021875 0.1421875
0 0.009375 0.13125 0.01875 0.1125
0 0.01171875 0.0796875 0.0234375 0.159375
0 0.015625 0.07734375 0.03125 0.1546875
0 0.0125 0.09375 0.025 0.128125
0 0.0140625 0.23046875 0.028125 0.1453125
0 0.00546875 0.17421875 0.0109375 0.0578125
0 0.009375 0.18359375 0.01875 0.0671875
0 0.0109375 0.2625 0.021875 0.121875
0 0.0078125 0.2453125 0.015625 0.090625
0 0.01171875 0.296875 0.0234375 0.2375
0 0.0125 0.2796875 0.025 0.2
0 0.01484375 0.28203125 0.0296875 0.1328125
0 0.05234375 0.29296875 0.0390625 0.109375
0 0.221875 0.22265625 0.03125 0.0921875
0 0.24765625 0.1515625 0.04375 0.0890625
0 0.2578125 0.2140625 0.028125 0.075
0 0.2828125 0.22578125 0.0265625 0.0984375
0 0.3046875 0.240625 0.028125 0.10625
0 0.32421875 0.26875 0.04375 0.103125
0 0.35546875 0.20859375 0.034375 0.1171875
0 0.409375 0.2203125 0.0640625 0.1640625
0 0.45078125 0.1890625 0.0390625 0.075
0 0.47734375 0.23359375 0.025 0.075
0 0.50078125 0.22578125 0.0234375 0.0609375
0 0.515625 0.17421875 0.028125 0.1109375
0 0.4484375 0.28828125 0.028125 0.090625
0 0.46796875 0.33828125 0.0375 0.0890625
0 0.4265625 0.3515625 0.034375 0.0859375
0 0.38359375 0.35546875 0.0515625 0.15625
0 0.31875 0.34453125 0.0328125 0.084375
0 0.33984375 0.38828125 0.03125 0.1171875
0 0.390625 0.49765625 0.028125 0.13125
0 0.41953125 0.48125 0.0265625 0.08125
0 0.4421875 0.5015625 0.03125 0.134375
0 0.475 0.40625 0.0234375 0.0578125
0 0.41796875 0.41171875 0.0203125 0.0515625
0 0.509375 0.453125 0.040625 0.10625
0 0.00859375 0.33828125 0.0171875 0.0984375
0 0.01484375 0.40625 0.0296875 0.128125
0 0.00859375 0.3890625 0.0171875 0.103125
0 0.5203125 0.53984375 0.01875 0.0578125
0 0.09140625 0.36328125 0.0296875 0.125
0 0.14140625 0.2875 0.0421875 0.078125
0 0.215625 0.30078125 0.0296875 0.0734375
0 0.26484375 0.290625 0.028125 0.0859375
0 0.275 0.36015625 0.0265625 0.065625
0 0.22890625 0.34609375 0.03125 0.0640625
0 0.25 0.36015625 0.0234375 0.08125
0 0.196875 0.365625 0.028125 0.084375
0 0.15859375 0.3609375 0.04375 0.090625
0 0.1296875 0.3890625 0.0421875 0.1265625
0 0.04296875 0.40078125 0.0453125 0.109375
0 0.01015625 0.41015625 0.0203125 0.1171875
0 0.009375 0.46328125 0.01875 0.1109375
0 0.00703125 0.4515625 0.0140625 0.078125
0 0.01015625 0.40703125 0.0203125 0.0765625
0 0.00859375 0.48671875 0.0171875 0.0859375
0 0.01484375 0.50234375 0.025 0.078125
0 0.103125 0.5 0.034375 0.0828125
0 0.23515625 0.4453125 0.034375 0.10625
0 0.1578125 0.46796875 0.03125 0.090625
0 0.1890625 0.50078125 0.03125 0.075
0 0.15625 0.54296875 0.03125 0.0515625
0 0.26953125 0.48984375 0.0390625 0.115625
0 0.3 0.41484375 0.0296875 0.059375
0 0.3671875 0.5171875 0.01875 0.040625
0 0.33671875 0.5078125 0.0265625 0.075
0 0.315625 0.465625 0.0234375 0.05
0 0.290625 0.50234375 0.01875 0.046875
0 0.40234375 0.5578125 0.0203125 0.021875
0 0.42421875 0.55234375 0.0234375 0.0328125
0 0.48359375 0.53515625 0.0421875 0.0671875
0 0.00859375 0.52890625 0.0171875 0.0796875
0 0.00703125 0.45546875 0.0140625 0.0734375
0 0.265625 0.55390625 0.021875 0.0296875
0 0.2203125 0.55 0.028125 0.0375
0 0.91640625 0.11796875 0.1671875 0.2359375
0 0.56484375 0.078125 0.0703125 0.13125
0 0.5625 0.07578125 0.065625 0.1515625
0 0.66875 0.07421875 0.1875 0.1484375
0 0.82578125 0.08359375 0.1640625 0.121875
0 0.45390625 0.934375 0.1515625 0.13125
0 0.67265625 0.784375 0.2859375 0.43125
0 0.9390625 0.8546875 0.121875 0.290625
0 0.625 0.75625 0.190625 0.375
0 0.8484375 0.8390625 0.1703125 0.2390625