0 0.0875 0.15390625 0.175 0.3078125
0 0.00859375 0.0140625 0.0171875 0.028125
0 0.034375 0.04296875 0.06875 0.0859375
0 0.1203125 0.01640625 0.028125 0.0328125
0 0.26015625 0.01875 0.0609375 0.0375
0 0.3421875 0.0046875 0.0125 0.009375
0 0.63125 0.20078125 0.203125 0.4015625
0 0.31484375 0.5453125 0.0984375 0.071875
0 0.4875 0.54140625 0.084375 0.0640625
0 0.203125 0.78671875 0.046875 0.121875
0 0.26015625 0.53984375 0.0609375 0.0609375
0 0.1078125 0.64375 0.05 0.13125
0 0.3046875 0.6140625 0.0421875 0.084375
0 0.3375 0.90703125 0.025 0.0796875
0 0.2484375 0.903125 0.0625 0.171875
0 0.459375 0.5421875 0.065625 0.065625
0 0.46328125 0.525 0.0546875 0.03125
0 0.25625 0.53125 0.034375 0.04375
0 0.33125 0.96640625 0.034375 0.0671875
0 0.11015625 0.7609375 0.0359375 0.0984375
0 0.04921875 0.6875 0.04375 0.1046875
0 0.1859375 0.9078125 0.04375 0.146875
0 0.15078125 0.77109375 0.0390625 0.0984375
0 0.3453125 0.5453125 0.065625 0.071875
0 0.45078125 0.8453125 0.0296875 0.0859375
0 0.43046875 0.53046875 0.0296875 0.0421875
0 0.2703125 0.96484375 0.0625 0.0703125
0 0.3578125 0.90078125 0.0234375 0.0828125
0 0.51015625 0.53125 0.0234375 0.04375
0 0.47109375 0.54140625 0.0484375 0.0640625
0 0.4859375 0.82578125 0.028125 0.075
0 0.25234375 0.5296875 0.0515625 0.040625
0 0.23515625 0.71953125 0.0390625 0.08125
0 0.5265625 0.6 0.00625 0.084375
0 0.26875 0.7390625 0.0328125 0.0734375
0 0.471875 0.91171875 0.0296875 0.08125
0 0.25625 0.78671875 0.0359375 0.0921875
0 0.01875 0.8203125 0.0328125 0.08125
0 0.51640625 0.74765625 0.0265625 0.0828125
0 0.51015625 0.534375 0.0390625 0.05
0 0.4515625 0.6234375 0.0203125 0.05
0 0.27421875 0.525 0.0296875 0.03125
0 0.34765625 0.83203125 0.0296875 0.0984375
0 0.209375 0.9859375 0.034375 0.028125
0 0.05 0.8875 0.0609375 0.153125
0 0.18828125 0.5578125 0.0921875 0.096875
0 0.3203125 0.721875 0.0546875 0.1546875
0 0.10859375 0.9140625 0.0640625 0.171875
0 0.82109375 0.87734375 0.159375 0.19375