0 0.2734375 0.3515625 0.35 0.434375
0 0.59609375 0.05390625 0.0328125 0.1078125
0 0.590625 0.0265625 0.021875 0.053125
0 0.58515625 0.028125 0.0109375 0.05625
0 0.68203125 0.05 0.0578125 0.1
0 0.6640625 0.040625 0.04375 0.08125
0 0.62265625 0.05546875 0.0578125 0.1109375
0 0.8484375 0.02109375 0.0375 0.0421875
0 0.7640625 0.05390625 0.084375 0.1078125
0 0.83125 0.0453125 0.04375 0.090625
0 0.796875 0.01875 0.021875 0.0375
0 0.753125 0.03515625 0.034375 0.0703125
0 0.70859375 0.028125 0.0296875 0.05625
0 0.76953125 0.02421875 0.0359375 0.0484375
0 0.7109375 0.03984375 0.040625 0.0796875
0 0.68046875 0.04609375 0.0421875 0.0921875
0 0.61015625 0.05859375 0.0546875 0.1171875
0 0.59453125 0.06796875 0.0296875 0.1359375
0 0.58984375 0.03046875 0.0203125 0.0609375
0 0.58828125 0.04765625 0.0171875 0.0953125
0 0.58984375 0.06640625 0.0203125 0.1328125
0 0.58515625 0.02109375 0.0109375 0.0421875
0 0.59140625 0.053125 0.0234375 0.10625
0 0.58515625 0.103125 0.0109375 0.071875
0 0.58515625 0.065625 0.0109375 0.109375
0 0.58671875 0.12421875 0.0140625 0.1234375
0 0.584375 0.11640625 0.009375 0.1046875
0 0.58515625 0.1625 0.0109375 0.078125
0 0.58671875 0.15234375 0.0140625 0.1171875
0 0.58515625 0.1875 0.0109375 0.065625
0 0.58671875 0.18515625 0.0140625 0.0890625
0 0.58671875 0.2328125 0.0140625 0.059375
0 0.58515625 0.23984375 0.0109375 0.0671875
0 0.58515625 0.21875 0.0109375 0.046875
0 0.584375 0.26484375 0.009375 0.0453125
0 0.58359375 0.25859375 0.0078125 0.0421875
0 0.584375 0.29140625 0.009375 0.0609375
0 0.58515625 0.3703125 0.0109375 0.040625
0 0.5828125 0.38203125 0.00625 0.0453125
0 0.5828125 0.36796875 0.00625 0.0390625
0 0.93671875 0.034375 0.0578125 0.06875
0 0.8828125 0.02578125 0.0375 0.0515625
0 0.8765625 0.0296875 0.04375 0.059375
0 0.98828125 0.01484375 0.0234375 0.0296875
0 0.9859375 0.03046875 0.028125 0.0609375
0 0.9578125 0.02890625 0.034375 0.0578125
0 0.921875 0.0265625 0.03125 0.053125
0 0.86328125 0.0296875 0.0328125 0.059375
0 0.825 0.02578125 0.034375 0.0515625
0 0.95703125 0.03203125 0.0328125 0.0640625
0 0.98671875 0.0265625 0.0265625 0.053125
0 0.92109375 0.03125 0.0359375 0.0625
0 0.8859375 0.02734375 0.03125 0.0546875
0 0.8078125 0.03359375 0.05 0.0671875
0 0.76640625 0.07421875 0.0390625 0.0890625
0 0.6046875 0.12734375 0.05 0.1109375
0 0.58359375 0.23671875 0.0078125 0.1296875
0 0.58515625 0.2921875 0.0109375 0.109375
0 0.584375 0.32890625 0.009375 0.0796875
0 0.98828125 0.03671875 0.0234375 0.0734375
0 0.9578125 0.0296875 0.0375 0.059375
0 0.92265625 0.11484375 0.0234375 0.1
0 0.971875 0.084375 0.03125 0.065625
0 0.98515625 0.1609375 0.0296875 0.1
0 0.803125 0.12890625 0.028125 0.090625
0 0.76796875 0.14609375 0.028125 0.0703125
0 0.703125 0.17578125 0.0234375 0.0796875
0 0.6578125 0.11015625 0.0390625 0.1015625
0 0.72265625 0.09375 0.03125 0.084375
0 0.8953125 0.26484375 0.0234375 0.0796875
0 0.8765625 0.303125 0.0203125 0.05625
0 0.653125 0.4109375 0.0265625 0.0734375
0 0.74453125 0.43671875 0.01875 0.0515625
0 0.7828125 0.43359375 0.00625 0.0328125
0 0.76484375 0.42109375 0.0109375 0.0265625
0 0.79140625 0.43046875 0.0078125 0.0265625
0 0.809375 0.446875 0.009375 0.040625
0 0.8421875 0.453125 0.0125 0.04375
0 0.834375 0.44921875 0.0078125 0.0390625
0 0.85234375 0.446875 0.0046875 0.0296875
0 0.8578125 0.4515625 0.0046875 0.0265625
0 0.865625 0.459375 0.0078125 0.0375
0 0.878125 0.459375 0.0140625 0.040625
0 0.58359375 0.40546875 0.0078125 0.0421875
0 0.97734375 0.48046875 0.01875 0.0515625
0 0.921875 0.47109375 0.0171875 0.059375
0 0.92265625 0.29921875 0.015625 0.0671875
0 0.89296875 0.1796875 0.0203125 0.078125
0 0.9234375 0.21015625 0.01875 0.0671875
0 0.89140625 0.09375 0.0171875 0.059375
0 0.98828125 0.25859375 0.0234375 0.0828125
0 0.7609375 0.325 0.015625 0.0578125
0 0.80859375 0.30859375 0.0203125 0.065625
0 0.9578125 0.23515625 0.034375 0.1
0 0.65546875 0.46171875 0.009375 0.05
0 0.64375 0.45703125 0.0109375 0.05
0 0.60546875 0.3625 0.0125 0.034375
0 0.64765625 0.20703125 0.0203125 0.075
0 0.665625 0.23671875 0.0171875 0.0609375
0 0.725 0.16875 0.0234375 0.0671875
0 0.74765625 0.18671875 0.0234375 0.071875
0 0.76640625 0.21328125 0.0234375 0.0640625
0 0.81171875 0.1984375 0.015625 0.053125
0 0.8484375 0.15390625 0.028125 0.0703125
0 0.8453125 0.08671875 0.0125 0.053125
0 0.58671875 0.20703125 0.0140625 0.0546875
0 0.59609375 0.23515625 0.021875 0.071875
0 0.63984375 0.246875 0.01875 0.05
0 0.621875 0.2484375 0.0140625 0.0421875
0 0.6875 0.2078125 0.021875 0.075
0 0.7171875 0.26015625 0.0140625 0.06875
0 0.6515625 0.290625 0.0125 0.053125
0 0.590625 0.2921875 0.021875 0.05
0 0.58828125 0.37578125 0.0109375 0.0265625
0 0.5828125 0.4109375 0.00625 0.04375
0 0.8390625 0.2390625 0.0171875 0.053125
0 0.853125 0.21875 0.0171875 0.040625
0 0.86953125 0.18984375 0.0203125 0.0578125
0 0.85859375 0.2625 0.0203125 0.06875
0 0.778125 0.37734375 0.0140625 0.053125
0 0.8953125 0.34453125 0.01875 0.0734375
0 0.87890625 0.3578125 0.0171875 0.0609375
0 0.63359375 0.38984375 0.0171875 0.046875
0 0.58359375 0.284375 0.0078125 0.08125
0 0.95390625 0.35546875 0.01875 0.0765625
0 0.69609375 0.3078125 0.0265625 0.075
0 0.6359375 0.2984375 0.01875 0.0546875
0 0.5828125 0.23125 0.00625 0.0625
0 0.5828125 0.42421875 0.00625 0.0390625
0 0.58203125 0.44296875 0.0046875 0.0359375
0 0.5828125 0.41484375 0.00625 0.0390625
0 0.5828125 0.4390625 0.00625 0.0375
0 0.58359375 0.28671875 0.0078125 0.0609375
0 0.0765625 0.77109375 0.153125 0.4046875
0 0.30859375 0.78046875 0.3109375 0.4234375
0 0.5328125 0.7640625 0.09375 0.390625
0 0.6109375 0.76796875 0.0625 0.1453125