0 0.3578125 0.15 0.303125 0.3
0 0.90234375 0.15 0.1953125 0.3
0 0.45078125 0.54375 0.1171875 0.4875
0 0.35703125 0.49921875 0.0765625 0.3984375
0 0.2 0.58515625 0.121875 0.5703125
0 0.11171875 0.35625 0.0515625 0.1125
0 0.1078125 0.53828125 0.0515625 0.38125
0 0.04296875 0.39375 0.0546875 0.1875
0 0.01328125 0.36875 0.0265625 0.1375
0 0.0078125 0.3296875 0.015625 0.059375
0 0.01796875 0.546875 0.0359375 0.28125
0 0.03359375 0.51015625 0.0671875 0.4203125
0 0.0109375 0.35546875 0.021875 0.1109375
0 0.01484375 0.35 0.0296875 0.1
0 0.04609375 0.55546875 0.0921875 0.5109375