0 0.134375 0.1984375 0.26875 0.396875
0 0.021875 0.0140625 0.034375 0.028125
0 0.259375 0.04296875 0.090625 0.0859375
0 0.35625 0.01640625 0.028125 0.0328125
0 0.49609375 0.01875 0.0609375 0.0375
0 0.578125 0.0046875 0.0125 0.009375
0 0.72578125 0.1921875 0.2328125 0.384375
0 0.9078125 0.19921875 0.184375 0.3984375
0 0.521875 0.72890625 0.175 0.2390625
0 0.334375 0.7234375 0.16875 0.228125
0 0.15078125 0.73125 0.1390625 0.24375
0 0.03671875 0.734375 0.0734375 0.25
0 0.025 0.73359375 0.05 0.2484375
0 0.7859375 0.94453125 0.315625 0.1109375