0 0.29609375 0.175 0.2859375 0.35
0 0.9015625 0.175 0.0609375 0.228125
0 0.6125 0.290625 0.059375 0.11875
0 0.721875 0.27421875 0.0375 0.0984375
0 0.67890625 0.296875 0.0359375 0.10625
0 0.77265625 0.2625 0.0359375 0.134375
0 0.446875 0.303125 0.015625 0.09375
0 0.98046875 0.18671875 0.0390625 0.1359375
0 0.453125 0.23984375 0.028125 0.1171875
0 0.63515625 0.06015625 0.0984375 0.1203125
0 0.890625 0.3375 0.028125 0.025
0 0.55703125 0.2140625 0.0796875 0.1578125
0 0.7046875 0.1609375 0.0703125 0.178125
0 0.45625 0.165625 0.034375 0.20625
0 0.47734375 0.21171875 0.06875 0.1734375
0 0.8390625 0.2703125 0.0625 0.159375
0 0.4578125 0.1734375 0.0375 0.15
0 0.459375 0.0640625 0.040625 0.128125
0 0.45859375 0.05 0.0390625 0.1
0 0.9328125 0.071875 0.134375 0.14375
0 0.478125 0.04921875 0.0625 0.0984375
0 0.55546875 0.04453125 0.0734375 0.0890625
0 0.45546875 0.0515625 0.0328125 0.103125
0 0.45234375 0.17734375 0.0265625 0.2109375
0 0.71640625 0.32734375 0.0390625 0.0453125
0 0.7703125 0.3328125 0.03125 0.034375
0 0.21953125 0.55234375 0.4390625 0.4046875
0 0.7984375 0.6484375 0.2 0.2234375