0 0.35859375 0.2296875 0.3421875 0.459375
0 0.725 0.0125 0.03125 0.025
0 0.72578125 0.0328125 0.0328125 0.065625
0 0.73828125 0.0296875 0.0578125 0.059375
0 0.72265625 0.01953125 0.0265625 0.0390625
0 0.72890625 0.03359375 0.0390625 0.0671875
0 0.72421875 0.02890625 0.0296875 0.0578125
0 0.72890625 0.0578125 0.0390625 0.115625
0 0.74921875 0.0515625 0.0796875 0.103125
0 0.821875 0.05 0.065625 0.1
0 0.87578125 0.04765625 0.0765625 0.0953125
0 0.95390625 0.0328125 0.0671875 0.065625
0 0.725 0.290625 0.03125 0.1125
0 0.75859375 0.23671875 0.059375 0.1046875
0 0.7234375 0.17890625 0.028125 0.0953125
0 0.73359375 0.08359375 0.0484375 0.1015625
0 0.74921875 0.025 0.0796875 0.05
0 0.77578125 0.03125 0.1078125 0.0625
0 0.7234375 0.06015625 0.028125 0.1203125
0 0.72734375 0.040625 0.0359375 0.08125
0 0.72421875 0.16015625 0.0296875 0.1140625
0 0.72421875 0.10703125 0.0296875 0.0828125
0 0.721875 0.171875 0.025 0.084375
0 0.728125 0.240625 0.0375 0.11875
0 0.72890625 0.14296875 0.0390625 0.0921875
0 0.7328125 0.08515625 0.046875 0.1359375
0 0.72734375 0.065625 0.0359375 0.096875
0 0.73671875 0.046875 0.0546875 0.09375
0 0.72578125 0.02890625 0.0328125 0.0578125
0 0.72890625 0.03046875 0.0390625 0.0609375
0 0.728125 0.02734375 0.0375 0.0546875
0 0.73046875 0.02734375 0.0421875 0.0546875
0 0.7234375 0.0203125 0.028125 0.040625
0 0.73671875 0.02890625 0.0546875 0.0578125
0 0.73828125 0.18984375 0.0578125 0.1140625
0 0.72421875 0.35859375 0.0296875 0.0703125
0 0.7234375 0.30546875 0.028125 0.0703125
0 0.734375 0.28671875 0.05 0.1640625
0 0.7234375 0.3234375 0.028125 0.09375
0 0.728125 0.31171875 0.0375 0.0890625
0 0.734375 0.4328125 0.05 0.053125
0 0.7234375 0.440625 0.028125 0.0375
0 0.72734375 0.40625 0.0359375 0.078125
0 0.73125 0.40546875 0.04375 0.1078125
0 0.7234375 0.41640625 0.028125 0.0859375
0 0.940625 0.02578125 0.0875 0.0515625
0 0.965625 0.02109375 0.06875 0.0421875
0 0.51171875 0.48125 0.0578125 0.04375
0 0.56328125 0.4796875 0.0328125 0.040625
0 0.646875 0.49140625 0.0375 0.0640625
0 0.58046875 0.490625 0.0328125 0.0625
0 0.65 0.478125 0.0375 0.0375
0 0.5265625 0.509375 0.040625 0.1
0 0.51171875 0.48359375 0.0484375 0.0484375
0 0.6296875 0.97734375 0.109375 0.0453125
0 0.68671875 0.91484375 0.0453125 0.1359375
0 0.68828125 0.4828125 0.0421875 0.046875
0 0.37578125 0.7765625 0.046875 0.0859375
0 0.6125 0.646875 0.090625 0.1015625
0 0.6 0.79140625 0.0578125 0.0953125
0 0.4828125 0.778125 0.0515625 0.0734375
0 0.37578125 0.628125 0.0453125 0.0734375
0 0.4484375 0.8640625 0.0765625 0.0859375
0 0.66953125 0.69609375 0.0484375 0.0625
0 0.43359375 0.48984375 0.0796875 0.0609375
0 0.940625 0.9671875 0.075 0.065625
0 0.73359375 0.871875 0.0484375 0.25625
0 0.73671875 0.87734375 0.0546875 0.2453125
0 0.74765625 0.915625 0.0765625 0.16875
0 0.74140625 0.9375 0.0640625 0.125