0 0.50703125 0.33828125 0.2046875 0.3015625
0 0.34140625 0.45234375 0.0609375 0.0734375
0 0.2515625 0.4703125 0.08125 0.0375
0 0.18203125 0.46171875 0.0515625 0.0546875
0 0.10703125 0.453125 0.0796875 0.071875
0 0.8046875 0.24453125 0.390625 0.4890625
0 0.49296875 0.796875 0.1359375 0.40625
0 0.43984375 0.828125 0.0640625 0.3140625
0 0.3609375 0.81796875 0.121875 0.3640625
0 0.24921875 0.86015625 0.0953125 0.2796875
0 0.0140625 0.77109375 0.028125 0.3046875
0 0.025 0.80546875 0.05 0.3546875
0 0.1171875 0.7578125 0.1625 0.484375
0 0.6640625 0.84609375 0.109375 0.1328125