0 0.0640625 0.2375 0.128125 0.475
0 0.0234375 0.3078125 0.046875 0.196875
0 0.0515625 0.19375 0.103125 0.3875
0 0.01484375 0.26171875 0.0296875 0.1328125
0 0.0203125 0.27265625 0.040625 0.0828125
0 0.021875 0.26484375 0.04375 0.1015625
0 0.09296875 0.27734375 0.0796875 0.159375
0 0.215625 0.3125 0.146875 0.26875
0 0.5703125 0.29140625 0.43125 0.3953125
0 0.8609375 0.321875 0.25 0.334375
0 0.66640625 0.0390625 0.0921875 0.078125
0 0.78359375 0.05859375 0.1390625 0.1171875
0 0.328125 0.18671875 0.078125 0.0609375
0 0.1921875 0.775 0.19375 0.45
0 0.91640625 0.51328125 0.0484375 0.0484375
0 0.784375 0.5171875 0.034375 0.05625
0 0.48359375 0.51796875 0.0453125 0.0578125
0 0.578125 0.534375 0.046875 0.090625
0 0.4109375 0.521875 0.04375 0.065625
0 0.3015625 0.521875 0.025 0.065625
0 0.62890625 0.525 0.0484375 0.071875
0 0.29765625 0.51875 0.0171875 0.059375
0 0.5890625 0.5203125 0.040625 0.0625
0 0.63671875 0.525 0.0578125 0.071875
0 0.865625 0.5203125 0.040625 0.0625
0 0.29765625 0.52109375 0.0171875 0.0640625
0 0.3421875 0.52578125 0.040625 0.0734375
0 0.97734375 0.53515625 0.0453125 0.0921875
0 0.55859375 0.52265625 0.0296875 0.0671875
0 0.303125 0.53984375 0.028125 0.1015625
0 0.51015625 0.54453125 0.0515625 0.1109375
0 0.7296875 0.54296875 0.059375 0.1078125
0 0.3671875 0.53828125 0.059375 0.0984375