0 0.0640625 0.25 0.128125 0.5
0 0.0234375 0.34375 0.046875 0.196875
0 0.0515625 0.21328125 0.103125 0.4203125
0 0.05078125 0.29765625 0.0609375 0.1328125
0 0.140625 0.30859375 0.08125 0.0828125
0 0.21015625 0.3015625 0.0515625 0.1015625
0 0.28515625 0.31328125 0.0796875 0.159375
0 0.4171875 0.3484375 0.165625 0.26875
0 0.60234375 0.35078125 0.2046875 0.2984375
0 0.928125 0.334375 0.13125 0.1875
0 0.7625 0.32578125 0.1875 0.1671875
0 0.60546875 0.30859375 0.1640625 0.121875
0 0.23515625 0.715625 0.4703125 0.43125
0 0.52265625 0.9859375 0.0421875 0.028125
0 0.50546875 0.89296875 0.0109375 0.0484375
0 0.79765625 0.78515625 0.0375 0.1203125
0 0.86015625 0.98359375 0.0359375 0.0328125
0 0.50546875 0.9 0.0109375 0.0625
0 0.58046875 0.83515625 0.0203125 0.0546875
0 0.50546875 0.96171875 0.0109375 0.0703125
0 0.8578125 0.84921875 0.028125 0.1109375
0 0.57265625 0.9703125 0.0234375 0.059375
0 0.61953125 0.79765625 0.0265625 0.0765625
0 0.5109375 0.93828125 0.021875 0.0640625
0 0.89609375 0.859375 0.0375 0.140625
0 0.66328125 0.8484375 0.0234375 0.0828125
0 0.7 0.8375 0.025 0.0765625
0 0.50625 0.82734375 0.0125 0.0609375
0 0.54296875 0.8765625 0.028125 0.05625
0 0.86875 0.91015625 0.0203125 0.0734375
0 0.74609375 0.89375 0.025 0.084375
0 0.65625 0.86484375 0.028125 0.0875
0 0.50859375 0.9640625 0.0171875 0.071875
0 0.50859375 0.9140625 0.0171875 0.10625
0 0.5140625 0.96171875 0.028125 0.0765625
0 0.509375 0.95078125 0.01875 0.0578125
0 0.64609375 0.6984375 0.015625 0.03125
0 0.54609375 0.71328125 0.015625 0.0203125
0 0.50234375 0.71171875 0.0046875 0.0203125
0 0.8453125 0.69296875 0.0265625 0.04375
0 0.73828125 0.71015625 0.0125 0.01875