0 0.21015625 0.146875 0.3671875 0.29375
0 0.7203125 0.2046875 0.559375 0.409375
0 0.28046875 0.63046875 0.2390625 0.4421875
0 0.0875 0.665625 0.175 0.50625
0 0.1875 0.61328125 0.1109375 0.3609375
0 0.07890625 0.61796875 0.14375 0.284375
0 0.021875 0.646875 0.04375 0.2875
0 0.41328125 0.7046875 0.0265625 0.2125
0 0.41015625 0.73046875 0.0203125 0.1796875
0 0.41171875 0.8984375 0.0234375 0.159375
0 0.409375 0.83515625 0.01875 0.3015625
0 0.40859375 0.8390625 0.0171875 0.153125
0 0.4265625 0.8078125 0.053125 0.175
0 0.421875 0.909375 0.025 0.0859375
0 0.41640625 0.89921875 0.0328125 0.2015625
0 0.4109375 0.940625 0.021875 0.11875
0 0.40625 0.42890625 0.0125 0.0390625
0 0.409375 0.47109375 0.01875 0.1234375
0 0.4046875 0.534375 0.009375 0.06875
0 0.4046875 0.50234375 0.009375 0.1109375
0 0.41015625 0.440625 0.0203125 0.0625
0 0.4046875 0.42109375 0.009375 0.0234375
0 0.409375 0.51328125 0.01875 0.1078125
0 0.4109375 0.525 0.021875 0.1
0 0.40390625 0.57421875 0.0078125 0.0578125
0 0.45625 0.51171875 0.0625 0.2046875
0 0.4234375 0.60390625 0.0359375 0.1328125
0 0.4140625 0.64296875 0.028125 0.1296875
0 0.46171875 0.6734375 0.0328125 0.1375
0 0.6921875 0.52265625 0.090625 0.2265625
0 0.78515625 0.58359375 0.0703125 0.3484375
0 0.90703125 0.7203125 0.05625 0.209375
0 0.86640625 0.52734375 0.0359375 0.165625
0 0.828125 0.7921875 0.059375 0.15625
0 0.94453125 0.60546875 0.0515625 0.2328125
0 0.93984375 0.45859375 0.0484375 0.0984375
0 0.9921875 0.6265625 0.015625 0.225
0 0.89140625 0.89453125 0.0484375 0.203125
0 0.95078125 0.87421875 0.0609375 0.2515625
0 0.74140625 0.92578125 0.0265625 0.1484375
0 0.68359375 0.7984375 0.0453125 0.2765625
0 0.7421875 0.75859375 0.0515625 0.184375
0 0.64765625 0.80546875 0.0375 0.171875
0 0.5359375 0.6234375 0.04375 0.15625
0 0.825 0.92109375 0.059375 0.140625
0 0.771875 0.9078125 0.046875 0.184375
0 0.50234375 0.83984375 0.0328125 0.134375
0 0.49921875 0.9421875 0.0390625 0.115625
0 0.5359375 0.86796875 0.034375 0.134375
0 0.6140625 0.953125 0.028125 0.09375
0 0.578125 0.95546875 0.034375 0.0890625
0 0.4671875 0.9671875 0.03125 0.065625
0 0.58203125 0.6671875 0.046875 0.1890625
0 0.4078125 0.6546875 0.015625 0.1375