0 0.0625 0.27265625 0.125 0.3734375
0 0.01015625 0.2171875 0.0203125 0.2
0 0.06328125 0.21328125 0.0421875 0.2171875
0 0.159375 0.27578125 0.065625 0.3671875
0 0.24140625 0.26953125 0.1515625 0.3796875
0 0.2625 0.27109375 0.034375 0.3765625
0 0.32265625 0.265625 0.0546875 0.3578125
0 0.34765625 0.2703125 0.0296875 0.378125
0 0.40625 0.2734375 0.084375 0.371875
0 0.6203125 0.32578125 0.234375 0.2671875
0 0.25703125 0.6671875 0.3671875 0.415625
0 0.5140625 0.73984375 0.128125 0.5203125
0 0.78359375 0.7296875 0.2203125 0.540625
0 0.56875 0.7296875 0.2375 0.540625