0 0.91171875 0.57421875 0.1671875 0.8421875
0 0.95546875 0.284375 0.0421875 0.2
0 0.88984375 0.28046875 0.0421875 0.2171875
0 0.79375 0.465625 0.065625 0.6109375
0 0.7109375 0.56171875 0.1515625 0.828125
0 0.68984375 0.425 0.034375 0.55
0 0.63046875 0.3328125 0.05625 0.3578125
0 0.60546875 0.3421875 0.0296875 0.3875
0 0.54609375 0.3828125 0.0828125 0.45625
0 0.4484375 0.559375 0.15625 0.88125
0 0.1515625 0.5609375 0.3 0.878125
0 0.29296875 0.40625 0.08125 0.4765625
0 0.34609375 0.38125 0.05625 0.4078125
0 0.2171875 0.509375 0.1515625 0.7609375
0 0.02734375 0.33203125 0.0546875 0.2671875