0 0.4125 0.1953125 0.065625 0.309375
0 0.32890625 0.1890625 0.1515625 0.321875
0 0.3078125 0.190625 0.034375 0.31875
0 0.2484375 0.1921875 0.05625 0.315625
0 0.22421875 0.18984375 0.0296875 0.3203125
0 0.16484375 0.19296875 0.0828125 0.3140625
0 0.07265625 0.175 0.1453125 0.35
0 0.075 0.1765625 0.15 0.346875
0 0.0203125 0.19921875 0.040625 0.3015625
0 0.0140625 0.20390625 0.028125 0.2921875
0 0.0375 0.1796875 0.075 0.340625
0 0.01328125 0.21328125 0.0265625 0.2671875
0 0.66953125 0.175 0.3796875 0.35
0 0.046875 0.7578125 0.09375 0.484375
0 0.2703125 0.6484375 0.2453125 0.325
0 0.7640625 0.675 0.471875 0.65