0 0.04140625 0.209375 0.0828125 0.41875
0 0.01015625 0.05 0.0203125 0.1
0 0.01015625 0.05390625 0.0203125 0.1078125
0 0.01640625 0.15234375 0.0328125 0.3046875
0 0.0375 0.209375 0.075 0.41875
0 0.00859375 0.1375 0.0171875 0.275
0 0.01328125 0.0890625 0.0265625 0.178125
0 0.009375 0.096875 0.01875 0.19375
0 0.0625 0.1140625 0.084375 0.228125
0 0.1609375 0.209375 0.15625 0.41875
0 0.3484375 0.209375 0.08125 0.41875
0 0.315625 0.11875 0.08125 0.2375
0 0.26328125 0.1015625 0.0578125 0.203125
0 0.35234375 0.2046875 0.0734375 0.409375
0 0.64375 0.209375 0.509375 0.41875
0 0.4625 0.209375 0.146875 0.41875
0 0.87265625 0.209375 0.2546875 0.41875
0 0.19453125 0.87109375 0.3890625 0.2578125
0 0.66875 0.709375 0.4 0.58125
0 0.409375 0.5078125 0.040625 0.140625