0 0.04140625 0.3046875 0.0828125 0.609375
0 0.01640625 0.40703125 0.0328125 0.4046875
0 0.0375 0.3046875 0.075 0.609375
0 0.01328125 0.4421875 0.0265625 0.334375
0 0.06953125 0.5359375 0.0546875 0.146875
0 0.09453125 0.52421875 0.0296875 0.1703125
0 0.153125 0.48671875 0.084375 0.2453125
0 0.2515625 0.3046875 0.15625 0.609375
0 0.49921875 0.3046875 0.2015625 0.609375
0 0.40625 0.46953125 0.08125 0.2796875
0 0.35390625 0.49921875 0.0578125 0.2203125
0 0.48203125 0.346875 0.1515625 0.525
0 0.7203125 0.409375 0.240625 0.4
0 0.16328125 0.8046875 0.3265625 0.390625
0 0.6890625 0.796875 0.178125 0.375
0 0.90078125 0.8046875 0.1984375 0.390625