0 0.7375 0.18984375 0.025 0.2171875
0 0.65 0.27421875 0.065625 0.4109375
0 0.56640625 0.26796875 0.1515625 0.4234375
0 0.5453125 0.26953125 0.034375 0.4203125
0 0.48671875 0.2421875 0.05625 0.3578125
0 0.46171875 0.2515625 0.0296875 0.3875
0 0.40234375 0.271875 0.0828125 0.415625
0 0.3046875 0.25390625 0.15625 0.4515625
0 0.07890625 0.25546875 0.1578125 0.4484375
0 0.1484375 0.278125 0.08125 0.403125
0 0.2015625 0.2828125 0.05625 0.39375
0 0.07421875 0.25859375 0.1484375 0.4421875
0 0.01328125 0.24140625 0.0265625 0.2671875
0 0.65390625 0.70703125 0.1921875 0.4546875
0 0.315625 0.7078125 0.475 0.45625