0 0.08828125 0.42578125 0.1671875 0.8421875
0 0.04453125 0.715625 0.0421875 0.2
0 0.11015625 0.71953125 0.0421875 0.2171875
0 0.20625 0.534375 0.065625 0.609375
0 0.2890625 0.43828125 0.1515625 0.828125
0 0.31015625 0.575 0.034375 0.55
0 0.36953125 0.6671875 0.0546875 0.3578125
0 0.39453125 0.6578125 0.0296875 0.3875
0 0.45390625 0.6171875 0.084375 0.45625
0 0.5515625 0.440625 0.15625 0.88125
0 0.8484375 0.4390625 0.3 0.878125
0 0.70703125 0.59375 0.08125 0.4765625
0 0.65390625 0.61875 0.0578125 0.4078125
0 0.7828125 0.490625 0.1515625 0.7609375
0 0.97265625 0.66796875 0.0546875 0.2671875