0 0.04140625 0.18984375 0.0828125 0.3796875
0 0.01640625 0.2515625 0.0328125 0.25625
0 0.06640625 0.18984375 0.1328125 0.3796875
0 0.078125 0.28671875 0.034375 0.1859375
0 0.221875 0.33125 0.084375 0.096875
0 0.3203125 0.18984375 0.15625 0.3796875
0 0.475 0.3140625 0.08125 0.13125
0 0.5125 0.19140625 0.075 0.3765625
0 0.775 0.18984375 0.45 0.3796875
0 0.22265625 0.70390625 0.2640625 0.5359375
0 0.496875 0.5625 0.028125 0.0828125
0 0.74453125 0.6015625 0.3890625 0.44375
0 0.61015625 0.5953125 0.1203125 0.334375