0 0.60625 0.2328125 0.065625 0.2375
0 0.8921875 0.08203125 0.1875 0.1640625
0 0.321875 0.69453125 0.0359375 0.0953125
0 0.01015625 0.75 0.0203125 0.11875
0 0.371875 0.96953125 0.04375 0.0609375
0 0.05390625 0.971875 0.0515625 0.05625
0 0.10546875 0.98125 0.0515625 0.0375
0 0.0640625 0.878125 0.0421875 0.096875
0 0.25703125 0.96484375 0.0421875 0.0703125
0 0.10234375 0.9078125 0.04375 0.1140625
0 0.021875 0.87109375 0.04375 0.1296875
0 0.3921875 0.7640625 0.0375 0.134375
0 0.00703125 0.59765625 0.0140625 0.0703125
0 0.4046875 0.88671875 0.046875 0.125
0 0.18984375 0.96171875 0.0484375 0.0765625
0 0.01171875 0.92890625 0.0234375 0.1078125
0 0.01640625 0.9140625 0.0328125 0.13125
0 0.575 0.578125 0.040625 0.096875
0 0.32578125 0.96640625 0.0515625 0.0671875
0 0.62578125 0.69375 0.0265625 0.0625
0 0.1328125 0.8015625 0.028125 0.078125
0 0.01328125 0.95390625 0.0265625 0.0921875
0 0.1328125 0.86015625 0.03125 0.075
0 0.49453125 0.9546875 0.034375 0.090625
0 0.23671875 0.9265625 0.040625 0.1109375
0 0.20703125 0.83125 0.034375 0.0734375
0 0.54453125 0.62578125 0.046875 0.1125
0 0.13359375 0.9421875 0.03125 0.1015625
0 0.19453125 0.66953125 0.0375 0.1015625
0 0.2734375 0.6828125 0.0421875 0.1234375
0 0.41953125 0.9734375 0.0296875 0.053125
0 0.09453125 0.6359375 0.040625 0.1046875
0 0.54765625 0.80390625 0.0375 0.06875
0 0.0140625 0.8515625 0.028125 0.140625
0 0.00859375 0.6046875 0.0171875 0.078125
0 0.10390625 0.7390625 0.0328125 0.0796875
0 0.25234375 0.81328125 0.0421875 0.125
0 0.62890625 0.83203125 0.0203125 0.1296875
0 0.428125 0.6328125 0.04375 0.1375
0 0.55 0.94453125 0.046875 0.1109375
0 0.71171875 0.65390625 0.1453125 0.2484375
0 0.8328125 0.696875 0.10625 0.25625
0 0.80703125 0.90390625 0.0921875 0.1921875
0 0.69140625 0.86796875 0.1046875 0.2171875