0 0.65 0.22265625 0.16875 0.4140625
0 0.496875 0.1015625 0.034375 0.16875
0 0.90390625 0.21484375 0.1921875 0.4296875
0 0.5078125 0.11328125 0.05625 0.2265625
0 0.72421875 0.028125 0.0515625 0.05625
0 0.49453125 0.07265625 0.0296875 0.1453125
0 0.49609375 0.09453125 0.0328125 0.1765625
0 0.49296875 0.12578125 0.0265625 0.2078125
0 0.4953125 0.10859375 0.03125 0.1734375
0 0.5 0.0984375 0.040625 0.190625
0 0.5 0.1203125 0.040625 0.196875
0 0.4984375 0.1046875 0.0375 0.171875
0 0.8609375 0.56640625 0.275 0.2734375