0 0.10546875 0.2046875 0.2109375 0.409375
0 0.709375 0.2046875 0.359375 0.409375
0 0.0578125 0.759375 0.0703125 0.1125
0 0.0203125 0.67734375 0.040625 0.1921875
0 0.06171875 0.5140625 0.0828125 0.209375
0 0.1953125 0.53671875 0.246875 0.2546875
0 0.0109375 0.51484375 0.021875 0.1109375
0 0.00625 0.53671875 0.0125 0.1421875
0 0.0109375 0.49609375 0.021875 0.1734375
0 0.42265625 0.46640625 0.0390625 0.1140625
0 0.39453125 0.6359375 0.040625 0.2359375
0 0.66796875 0.7046875 0.2765625 0.590625
0 0.859375 0.54921875 0.265625 0.2796875