0 0.26796875 0.184375 0.0703125 0.36875
0 0.02109375 0.184375 0.0421875 0.36875
0 0.05546875 0.184375 0.1109375 0.36875
0 0.56328125 0.184375 0.2890625 0.36875
0 0.4359375 0.3203125 0.034375 0.096875
0 0.209375 0.721875 0.41875 0.55625
0 0.43203125 0.8625 0.0265625 0.275
0 0.43203125 0.86484375 0.0265625 0.2703125
0 0.8921875 0.7796875 0.084375 0.440625
0 0.57109375 0.8859375 0.0609375 0.228125
0 0.4578125 0.8640625 0.06875 0.271875
0 0.67265625 0.8890625 0.0765625 0.221875
0 0.971875 0.79453125 0.05625 0.4109375
0 0.75703125 0.9109375 0.0515625 0.178125
0 0.81015625 0.87890625 0.0421875 0.2421875
0 0.84609375 0.7421875 0.034375 0.125
0 0.7984375 0.71484375 0.0265625 0.1109375
0 0.753125 0.7453125 0.0484375 0.184375