0 0.3828125 0.26875 0.59375 0.5375
0 0.9640625 0.0359375 0.053125 0.071875
0 0.890625 0.03203125 0.0625 0.0640625
0 0.73359375 0.021875 0.0484375 0.04375
0 0.7984375 0.0234375 0.040625 0.046875
0 0.70859375 0.0375 0.0578125 0.075
0 0.815625 0.07578125 0.040625 0.1515625
0 0.90625 0.03984375 0.053125 0.0796875
0 0.8671875 0.08515625 0.0328125 0.1390625
0 0.7515625 0.08203125 0.0671875 0.1640625
0 0.73125 0.1875 0.0359375 0.075
0 0.69609375 0.26015625 0.0328125 0.1703125
0 0.84296875 0.17890625 0.05 0.090625
0 0.7953125 0.2421875 0.0484375 0.1171875
0 0.840625 0.2546875 0.0375 0.0890625
0 0.775 0.29921875 0.03125 0.0796875
0 0.70859375 0.35625 0.0375 0.0796875
0 0.7625 0.446875 0.0390625 0.096875
0 0.73203125 0.44609375 0.03125 0.075
0 0.7140625 0.41953125 0.0328125 0.0796875
0 0.690625 0.4296875 0.021875 0.078125
0 0.68671875 0.5046875 0.0140625 0.075
0 0.76328125 0.503125 0.034375 0.059375
0 0.965625 0.04453125 0.05 0.0890625
0 0.92265625 0.16953125 0.0609375 0.1671875
0 0.9453125 0.25625 0.0390625 0.1109375
0 0.98203125 0.190625 0.0359375 0.159375
0 0.9859375 0.36796875 0.0265625 0.0984375
0 0.9640625 0.3828125 0.028125 0.10625
0 0.94453125 0.4109375 0.04375 0.103125
0 0.91328125 0.35078125 0.034375 0.1171875
0 0.859375 0.3625 0.0640625 0.1640625
0 0.81796875 0.33125 0.0390625 0.075
0 0.79140625 0.37578125 0.025 0.075
0 0.76796875 0.36796875 0.0234375 0.0609375
0 0.7453125 0.31640625 0.0421875 0.1109375
0 0.8203125 0.43046875 0.028125 0.090625
0 0.80078125 0.48046875 0.0375 0.0890625
0 0.8421875 0.49375 0.034375 0.0859375
0 0.88515625 0.49765625 0.053125 0.15625
0 0.95 0.48671875 0.0328125 0.084375
0 0.92890625 0.53046875 0.03125 0.1171875
0 0.87734375 0.6015625 0.0296875 0.05625
0 0.8484375 0.60625 0.025 0.046875
0 0.8265625 0.603125 0.03125 0.053125
0 0.79375 0.5484375 0.0234375 0.0578125
0 0.85078125 0.55390625 0.0203125 0.0515625
0 0.7109375 0.52421875 0.0390625 0.109375
0 0.75625 0.5859375 0.046875 0.0875
0 0.72578125 0.6171875 0.0171875 0.025
0 0.7109375 0.60390625 0.0234375 0.0515625
0 0.68828125 0.59765625 0.0171875 0.0640625
0 0.99453125 0.43203125 0.0109375 0.0859375
0 0.98984375 0.5015625 0.0203125 0.065625
0 0.98984375 0.6015625 0.0203125 0.05625
0 0.96875 0.55703125 0.0296875 0.059375
0 0.93203125 0.62109375 0.0265625 0.0171875
0 0.95234375 0.60625 0.0234375 0.046875
0 0.978125 0.625 0.01875 0.009375
0 0.53515625 0.74375 0.2890625 0.228125
0 0.72265625 0.81484375 0.0859375 0.3703125