0 0.13984375 0.2578125 0.2796875 0.403125
0 0.64296875 0.2296875 0.3859375 0.459375
0 0.3921875 0.49609375 0.09375 0.0734375
0 0.41328125 0.50859375 0.0734375 0.0984375
0 0.2578125 0.96640625 0.046875 0.0671875
0 0.02421875 0.5515625 0.0484375 0.13125
0 0.33203125 0.496875 0.0671875 0.075
0 0.10234375 0.49140625 0.0921875 0.0640625
0 0.30546875 0.9203125 0.0578125 0.159375
0 0.196875 0.771875 0.0390625 0.0859375
0 0.32421875 0.803125 0.046875 0.1125
0 0.01171875 0.821875 0.0234375 0.121875
0 0.24453125 0.83671875 0.0640625 0.1375
0 0.228125 0.4921875 0.090625 0.065625
0 0.01484375 0.49921875 0.0296875 0.0796875
0 0.1609375 0.4953125 0.090625 0.071875
0 0.0125 0.6796875 0.025 0.13125
0 0.01015625 0.65 0.0203125 0.084375
0 0.00625 0.94296875 0.0125 0.0796875
0 0.015625 0.9265625 0.03125 0.146875
0 0.4140625 0.69765625 0.0578125 0.1015625
0 0.0703125 0.4921875 0.065625 0.065625
0 0.37109375 0.64140625 0.0640625 0.1421875
0 0.07421875 0.475 0.0546875 0.03125
0 0.00859375 0.48125 0.0171875 0.04375
0 0.00859375 0.79609375 0.0171875 0.0984375
0 0.178125 0.47890625 0.0875 0.0390625
0 0.37578125 0.521875 0.04375 0.1
0 0.0109375 0.72265625 0.021875 0.1046875
0 0.384375 0.9 0.0390625 0.084375
0 0.0109375 0.93515625 0.021875 0.1296875
0 0.009375 0.80703125 0.01875 0.0984375
0 0.01640625 0.4953125 0.0328125 0.071875
0 0.06171875 0.88125 0.0296875 0.0859375
0 0.20234375 0.5125 0.0546875 0.10625
0 0.36953125 0.95390625 0.0453125 0.0921875
0 0.04140625 0.515625 0.0296875 0.084375
0 0.28359375 0.503125 0.0828125 0.0875
0 0.19453125 0.88203125 0.03125 0.10625
0 0.00546875 0.93671875 0.0109375 0.0828125
0 0.290625 0.53671875 0.0625 0.14375
0 0.4453125 0.95078125 0.009375 0.0921875
0 0.421875 0.96640625 0.0375 0.0671875
0 0.121875 0.5515625 0.0234375 0.075
0 0.15 0.98984375 0.028125 0.0203125
0 0.22265625 0.47734375 0.0421875 0.0359375
0 0.428125 0.91953125 0.021875 0.05
0 0.3984375 0.78046875 0.065625 0.1
0 0.08203125 0.52734375 0.0484375 0.1296875
0 0.096875 0.86171875 0.028125 0.075
0 0.0125 0.4796875 0.025 0.040625
0 0.32421875 0.7171875 0.0375 0.075
0 0.009375 0.7546875 0.01875 0.08125
0 0.15 0.6359375 0.0296875 0.084375
0 0.0078125 0.77421875 0.015625 0.0734375
0 0.0828125 0.94765625 0.0296875 0.08125
0 0.18515625 0.9703125 0.0359375 0.059375
0 0.00859375 0.82265625 0.0171875 0.0921875
0 0.0078125 0.85625 0.015625 0.08125
0 0.13125 0.784375 0.0328125 0.0828125
0 0.134375 0.49609375 0.065625 0.0734375
0 0.31953125 0.48515625 0.0796875 0.0515625
0 0.0625 0.659375 0.0203125 0.05
0 0.00703125 0.475 0.0140625 0.03125
0 0.00703125 0.86796875 0.0140625 0.0984375
0 0.1640625 0.9578125 0.025 0.084375
0 0.01484375 0.9234375 0.0296875 0.153125
0 0.02265625 0.5078125 0.0453125 0.096875
0 0.01328125 0.75703125 0.0265625 0.1546875
0 0.015625 0.93203125 0.03125 0.1359375
0 0.9703125 0.59375 0.059375 0.14375