0 0.29453125 0.30390625 0.5890625 0.3921875
0 0.80625 0.38203125 0.3875 0.2359375
0 0.05078125 0.90859375 0.0609375 0.1828125
0 0.33984375 0.81484375 0.059375 0.11875
0 0.23125 0.83203125 0.0375 0.0984375
0 0.009375 0.93984375 0.01875 0.1015625
0 0.0109375 0.884375 0.021875 0.090625
0 0.27421875 0.80390625 0.0359375 0.115625
0 0.18046875 0.84375 0.0359375 0.134375
0 0.0125 0.94921875 0.025 0.1015625
0 0.01015625 0.91796875 0.0203125 0.1359375
0 0.3875 0.6140625 0.0296875 0.0453125
0 0.06171875 0.74765625 0.0296875 0.0671875
0 0.38984375 0.72578125 0.0359375 0.0765625
0 0.39609375 0.8921875 0.0796875 0.15625
0 0.24765625 0.928125 0.0703125 0.14375
0 0.00859375 0.80703125 0.0171875 0.0578125
0 0.55234375 0.91796875 0.0703125 0.1640625
0 0.47578125 0.89453125 0.0671875 0.1734375
0 0.11328125 0.7828125 0.0625 0.265625
0 0.05078125 0.61640625 0.04375 0.0953125
0 0.2359375 0.7328125 0.0390625 0.1375
0 0.18203125 0.7234375 0.03125 0.1328125
0 0.34140625 0.7171875 0.0390625 0.1015625