0 0.01328125 0.05390625 0.0265625 0.0765625
0 0.603125 0.4859375 0.0578125 0.0953125
0 0.50078125 0.26015625 0.0546875 0.071875
0 0.01640625 0.37109375 0.0328125 0.0828125
0 0.328125 0.43984375 0.059375 0.0953125
0 0.53984375 0.434375 0.0375 0.0765625
0 0.26640625 0.471875 0.053125 0.1171875
0 0.63984375 0.46171875 0.0203125 0.0765625
0 0.0140625 0.02890625 0.028125 0.0578125
0 0.01875 0.22890625 0.0375 0.0703125
0 0.0125 0.27265625 0.025 0.0640625
0 0.01015625 0.01640625 0.0203125 0.0328125
0 0.3828125 0.02734375 0.03125 0.0546875
0 0.01015625 0.021875 0.0203125 0.04375
0 0.01875 0.12734375 0.0375 0.0859375
0 0.34609375 0.50546875 0.0671875 0.0671875
0 0.57109375 0.23671875 0.0546875 0.0765625
0 0.528125 0.5140625 0.06875 0.05
0 0.5078125 0.02265625 0.0375 0.0453125
0 0.30546875 0.01640625 0.0359375 0.0328125
0 0.01015625 0.1875 0.0203125 0.065625
0 0.503125 0.20390625 0.0390625 0.0640625
0 0.6046875 0.32890625 0.053125 0.090625
0 0.15625 0.50703125 0.059375 0.0640625
0 0.57578125 0.4015625 0.0484375 0.0875
0 0.04375 0.03203125 0.0375 0.0640625
0 0.49375 0.375 0.0640625 0.075
0 0.36796875 0.35625 0.0421875 0.096875
0 0.63515625 0.38984375 0.0296875 0.0734375
0 0.63984375 0.2875 0.0203125 0.090625
0 0.33671875 0.01640625 0.0328125 0.0328125
0 0.01015625 0.125 0.0203125 0.075
0 0.3796875 0.17890625 0.0375 0.065625
0 0.03671875 0.0203125 0.0390625 0.040625
0 0.0140625 0.26015625 0.028125 0.0859375
0 0.41796875 0.07734375 0.0359375 0.0734375
0 0.00625 0.01328125 0.0125 0.0265625
0 0.06171875 0.0203125 0.0328125 0.040625
0 0.28046875 0.1625 0.0390625 0.084375
0 0.4734375 0.45859375 0.04375 0.09375
0 0.0125 0.08984375 0.025 0.0859375
0 0.34609375 0.0171875 0.0359375 0.034375
0 0.01171875 0.06328125 0.0234375 0.0609375
0 0.34609375 0.19140625 0.034375 0.0734375
0 0.0109375 0.2046875 0.021875 0.071875
0 0.4953125 0.08125 0.0296875 0.078125
0 0.0125 0.51328125 0.025 0.0515625
0 0.425 0.31484375 0.05 0.071875
0 0.315625 0.34921875 0.0359375 0.0890625
0 0.08671875 0.07265625 0.0359375 0.0671875
0 0.30703125 0.025 0.0328125 0.05
0 0.3640625 0.28359375 0.0359375 0.0765625
0 0.55078125 0.12109375 0.0546875 0.109375
0 0.41640625 0.37578125 0.0546875 0.09375
0 0.07421875 0.01796875 0.0265625 0.0359375
0 0.5359375 0.04296875 0.03125 0.0859375
0 0.43515625 0.01875 0.0421875 0.0375
0 0.0125 0.35703125 0.025 0.1046875
0 0.00703125 0.01484375 0.0140625 0.0296875
0 0.00703125 0.015625 0.0140625 0.03125
0 0.43125 0.15 0.0375 0.0703125
0 0.009375 0.03828125 0.01875 0.0609375
0 0.2328125 0.12109375 0.040625 0.0796875
0 0.05234375 0.09921875 0.0328125 0.08125
0 0.31328125 0.259375 0.04375 0.0796875
0 0.409375 0.496875 0.05 0.084375
0 0.39375 0.13203125 0.0359375 0.0703125
0 0.4734375 0.153125 0.0359375 0.0734375
0 0.62109375 0.1828125 0.0546875 0.06875
0 0.440625 0.23984375 0.0390625 0.0765625
0 0.0078125 0.01796875 0.015625 0.0359375
0 0.00625 0.015625 0.0125 0.03125
0 0.55 0.01484375 0.034375 0.0296875
0 0.70234375 0.26953125 0.1046875 0.5390625
0 0.825 0.28515625 0.35 0.5078125
0 0.25625 0.62421875 0.4375 0.1703125