0 0.18515625 0.19453125 0.3703125 0.3890625
0 0.784375 0.19453125 0.43125 0.3890625
0 0.30390625 0.64453125 0.5296875 0.5109375
0 0.58359375 0.68671875 0.0296875 0.1640625
0 0.57890625 0.66875 0.0203125 0.146875
0 0.5828125 0.67421875 0.028125 0.1296875
0 0.61171875 0.69296875 0.04375 0.1296875
0 0.8703125 0.92890625 0.040625 0.1421875
0 0.7796875 0.965625 0.053125 0.06875
0 0.8203125 0.92578125 0.0328125 0.1375
0 0.93515625 0.9234375 0.0671875 0.153125
0 0.95625 0.8234375 0.0359375 0.075
0 0.98671875 0.74921875 0.0265625 0.1703125
0 0.84453125 0.83203125 0.05 0.090625
0 0.8921875 0.76875 0.0484375 0.11875
0 0.846875 0.75625 0.0375 0.0890625
0 0.9125 0.71171875 0.03125 0.0796875
0 0.97890625 0.6546875 0.0375 0.0796875
0 0.925 0.5640625 0.0390625 0.096875
0 0.95546875 0.56484375 0.03125 0.0765625
0 0.9734375 0.59140625 0.0328125 0.0796875
0 0.99296875 0.5796875 0.0140625 0.078125
0 0.92421875 0.5078125 0.034375 0.059375
0 0.6609375 0.96875 0.0625 0.0625
0 0.7203125 0.96015625 0.05 0.0796875
0 0.76484375 0.84140625 0.0609375 0.1671875
0 0.7421875 0.7546875 0.0390625 0.1109375
0 0.6875 0.8203125 0.0703125 0.159375
0 0.609375 0.86953125 0.0625 0.2265625
0 0.578125 0.98125 0.01875 0.0375
0 0.5953125 0.93984375 0.053125 0.1203125
0 0.58046875 0.95859375 0.0234375 0.0828125
0 0.58515625 0.9234375 0.0328125 0.153125
0 0.58515625 0.94140625 0.0328125 0.1171875
0 0.58359375 0.84140625 0.0296875 0.1484375
0 0.58359375 0.80703125 0.0296875 0.1734375
0 0.58203125 0.83125 0.0265625 0.140625
0 0.58046875 0.865625 0.0234375 0.190625
0 0.57890625 0.8421875 0.0203125 0.209375
0 0.5796875 0.81875 0.021875 0.184375
0 0.578125 0.7375 0.01875 0.1125
0 0.58046875 0.79453125 0.0234375 0.1734375
0 0.584375 0.790625 0.03125 0.153125
0 0.58125 0.775 0.025 0.128125
0 0.5828125 0.63671875 0.028125 0.1453125
0 0.57421875 0.69453125 0.0109375 0.0578125
0 0.578125 0.68359375 0.01875 0.0671875
0 0.5796875 0.6046875 0.021875 0.121875
0 0.5765625 0.621875 0.015625 0.090625
0 0.58046875 0.571875 0.0234375 0.2375
0 0.58125 0.5890625 0.025 0.2
0 0.57890625 0.58515625 0.0203125 0.1328125
0 0.578125 0.575 0.01875 0.109375
0 0.640625 0.64609375 0.03125 0.0921875
0 0.66640625 0.7171875 0.04375 0.0890625
0 0.6765625 0.6546875 0.028125 0.075
0 0.7015625 0.64296875 0.0265625 0.0984375
0 0.7234375 0.628125 0.028125 0.10625
0 0.74296875 0.6 0.04375 0.1015625
0 0.77421875 0.66015625 0.034375 0.11875
0 0.828125 0.6484375 0.0640625 0.165625
0 0.86953125 0.6796875 0.0390625 0.075
0 0.89609375 0.63515625 0.025 0.075
0 0.91953125 0.64296875 0.0234375 0.0609375
0 0.9421875 0.69453125 0.0421875 0.1109375
0 0.8671875 0.58046875 0.028125 0.090625
0 0.88671875 0.53046875 0.0375 0.0890625
0 0.8453125 0.5171875 0.034375 0.0859375
0 0.80234375 0.51328125 0.0515625 0.1578125
0 0.7375 0.52421875 0.0328125 0.084375
0 0.75859375 0.48046875 0.03125 0.1171875
0 0.809375 0.421875 0.028125 0.065625
0 0.83828125 0.409375 0.0265625 0.040625
0 0.8609375 0.42265625 0.03125 0.0671875
0 0.89375 0.4625 0.0234375 0.0578125
0 0.83671875 0.45703125 0.0203125 0.053125
0 0.9765625 0.48671875 0.040625 0.109375
0 0.93125 0.42890625 0.046875 0.0796875
0 0.96015625 0.40234375 0.0171875 0.0265625
0 0.97578125 0.4109375 0.0234375 0.04375
0 0.57734375 0.5296875 0.0171875 0.1
0 0.58359375 0.4625 0.0296875 0.128125
0 0.57734375 0.478125 0.0171875 0.103125
0 0.9921875 0.40703125 0.015625 0.0359375
0 0.9953125 0.41640625 0.009375 0.0546875
0 0.940625 0.403125 0.021875 0.028125
0 0.57578125 0.5046875 0.0140625 0.125
0 0.57890625 0.58125 0.0203125 0.078125
0 0.634375 0.56796875 0.0296875 0.0734375
0 0.68359375 0.578125 0.028125 0.0859375
0 0.69375 0.50859375 0.0265625 0.065625
0 0.64765625 0.52265625 0.03125 0.0640625
0 0.66875 0.50859375 0.0234375 0.08125
0 0.615625 0.503125 0.028125 0.084375
0 0.58359375 0.50703125 0.0296875 0.0921875
0 0.57890625 0.47890625 0.0203125 0.1265625
0 0.5796875 0.4671875 0.021875 0.109375
0 0.5765625 0.45859375 0.015625 0.1171875
0 0.578125 0.425 0.01875 0.071875
0 0.57578125 0.42265625 0.0140625 0.0671875
0 0.57890625 0.46171875 0.0203125 0.0765625
0 0.57734375 0.41015625 0.0171875 0.0421875
0 0.575 0.40859375 0.0125 0.0390625
0 0.57734375 0.409375 0.0171875 0.040625
0 0.653125 0.4328125 0.034375 0.0875
0 0.58046875 0.4171875 0.0234375 0.05625
0 0.6078125 0.4078125 0.03125 0.0375
0 0.5796875 0.4109375 0.021875 0.04375
0 0.68828125 0.41796875 0.0390625 0.0578125
0 0.71875 0.45390625 0.0296875 0.059375
0 0.7859375 0.39921875 0.01875 0.0203125
0 0.75546875 0.4078125 0.0265625 0.0375
0 0.73359375 0.40859375 0.0234375 0.0390625
0 0.709375 0.40078125 0.01875 0.0234375
0 0.82109375 0.40390625 0.0203125 0.0296875
0 0.84296875 0.40546875 0.0234375 0.0328125
0 0.90234375 0.40859375 0.0421875 0.0390625
0 0.57734375 0.41328125 0.0171875 0.0484375
0 0.57578125 0.41875 0.0140625 0.059375
0 0.684375 0.40390625 0.021875 0.0296875
0 0.6390625 0.40859375 0.028125 0.0390625