0 0.1578125 0.14296875 0.2625 0.2859375
0 0.4265625 0.20546875 0.275 0.3265625
0 0.73984375 0.1953125 0.3109375 0.346875
0 0.0546875 0.6984375 0.109375 0.353125
0 0.06796875 0.6484375 0.090625 0.221875
0 0.25078125 0.78515625 0.0765625 0.2265625
0 0.175 0.67265625 0.0875 0.1296875
0 0.13671875 0.74453125 0.090625 0.1296875
0 0.0203125 0.475 0.040625 0.2125
0 0.17109375 0.71015625 0.103125 0.1484375
0 0.02421875 0.63203125 0.0484375 0.5265625
0 0.0421875 0.7078125 0.084375 0.38125
0 0.77421875 0.92421875 0.0921875 0.1515625
0 0.75078125 0.4390625 0.0671875 0.140625
0 0.55625 0.60234375 0.0609375 0.2109375
0 0.77109375 0.7375 0.0703125 0.25
0 0.86796875 0.940625 0.0828125 0.11875
0 0.8390625 0.6578125 0.0609375 0.3171875
0 0.43984375 0.51796875 0.1015625 0.2984375
0 0.89765625 0.53125 0.059375 0.1640625
0 0.96171875 0.4875 0.0734375 0.2375
0 0.51171875 0.9140625 0.0890625 0.171875
0 0.90546875 0.4265625 0.0640625 0.115625
0 0.64375 0.84921875 0.103125 0.3015625
0 0.92421875 0.87421875 0.05625 0.128125
0 0.434375 0.9484375 0.0625 0.103125
0 0.5890625 0.54140625 0.084375 0.3453125
0 0.89296875 0.77265625 0.0578125 0.2015625
0 0.97109375 0.72890625 0.0578125 0.2734375
0 0.4984375 0.79140625 0.11875 0.259375
0 0.66953125 0.5953125 0.09375 0.290625
0 0.33671875 0.82421875 0.0953125 0.2953125
0 0.87734375 0.39765625 0.0640625 0.0578125
0 0.94140625 0.9546875 0.0640625 0.090625