0 0.103125 0.36015625 0.20625 0.5734375
0 0.44140625 0.32734375 0.1453125 0.6546875
0 0.38828125 0.5234375 0.0390625 0.2
0 0.45234375 0.52734375 0.0421875 0.2171875
0 0.5484375 0.3421875 0.065625 0.609375
0 0.63046875 0.3296875 0.1515625 0.659375
0 0.65234375 0.3828125 0.034375 0.55
0 0.71171875 0.475 0.0546875 0.3578125
0 0.73671875 0.465625 0.0296875 0.3875
0 0.79609375 0.425 0.084375 0.45625
0 0.89375 0.34453125 0.15625 0.6890625
0 0.98359375 0.42578125 0.0328125 0.4078125
0 0.184375 0.86953125 0.36875 0.2609375