0 0.25703125 0.25390625 0.3203125 0.5078125
0 0.44609375 0.44609375 0.0140625 0.0703125
0 0.91953125 0.08984375 0.0609375 0.1796875
0 0.63203125 0.18203125 0.059375 0.11875
0 0.44765625 0.5109375 0.0171875 0.05625
0 0.740625 0.16484375 0.0375 0.0984375
0 0.44453125 0.4234375 0.0109375 0.046875
0 0.4453125 0.48125 0.0125 0.075
0 0.69765625 0.19296875 0.0359375 0.115625
0 0.79140625 0.153125 0.0359375 0.134375
0 0.446875 0.2078125 0.015625 0.121875
0 0.98984375 0.07734375 0.0203125 0.1359375
0 0.453125 0.13046875 0.028125 0.1171875
0 0.584375 0.3828125 0.0296875 0.04375
0 0.65390625 0.06015625 0.0984375 0.1203125
0 0.91015625 0.24921875 0.028125 0.0671875
0 0.58203125 0.27109375 0.0359375 0.0765625
0 0.44609375 0.459375 0.0140625 0.09375
0 0.446875 0.47421875 0.015625 0.0640625
0 0.44375 0.478125 0.009375 0.059375
0 0.57578125 0.1046875 0.0796875 0.1578125
0 0.72265625 0.0703125 0.0703125 0.140625
0 0.45 0.40703125 0.021875 0.0984375
0 0.44609375 0.384375 0.0140625 0.059375
0 0.45625 0.0796875 0.034375 0.159375
0 0.49609375 0.10234375 0.06875 0.1734375
0 0.85859375 0.2140625 0.0625 0.265625
0 0.4578125 0.06953125 0.0375 0.1390625
0 0.459375 0.040625 0.040625 0.08125
0 0.45859375 0.05 0.0390625 0.1
0 0.45234375 0.2765625 0.0265625 0.26875
0 0.45078125 0.33046875 0.0234375 0.2203125
0 0.92109375 0.38046875 0.04375 0.096875
0 0.9421875 0.071875 0.115625 0.14375
0 0.496875 0.04921875 0.0625 0.0984375
0 0.57421875 0.04453125 0.0734375 0.0890625
0 0.45546875 0.0515625 0.0328125 0.103125
0 0.45234375 0.08671875 0.0265625 0.1734375
0 0.7359375 0.2640625 0.0390625 0.1375
0 0.78984375 0.2734375 0.03125 0.1328125
0 0.63046875 0.2796875 0.0390625 0.1015625
0 0.17890625 0.76953125 0.3578125 0.4609375
0 0.76328125 0.76953125 0.4734375 0.4609375