0 0.1 0.27421875 0.2 0.5484375
0 0.9953125 0.1625 0.009375 0.10625
0 0.73359375 0.06171875 0.0578125 0.1234375
0 0.75078125 0.1296875 0.04375 0.1640625
0 0.7921875 0.18671875 0.0578125 0.221875
0 0.565625 0.02109375 0.0375 0.0421875
0 0.65 0.06953125 0.084375 0.1390625
0 0.584375 0.08828125 0.04375 0.1765625
0 0.61796875 0.1765625 0.021875 0.0765625
0 0.66171875 0.2890625 0.034375 0.140625
0 0.70703125 0.1609375 0.028125 0.1125
0 0.64609375 0.1796875 0.0359375 0.0984375
0 0.70390625 0.2734375 0.0421875 0.159375
0 0.734375 0.3203125 0.0421875 0.159375
0 0.80546875 0.35859375 0.0546875 0.1328125
0 0.94921875 0.25 0.059375 0.2734375
0 0.98984375 0.2859375 0.0203125 0.121875
0 0.9875 0.35546875 0.025 0.0953125
0 0.896875 0.1671875 0.021875 0.0859375
0 0.89296875 0.30390625 0.0484375 0.2125
0 0.95703125 0.41171875 0.0234375 0.071875
0 0.9296875 0.37421875 0.0234375 0.109375
0 0.996875 0.43203125 0.00625 0.1234375
0 0.9765625 0.46015625 0.0296875 0.1171875
0 0.9953125 0.4953125 0.009375 0.065625
0 0.94296875 0.49375 0.028125 0.0890625
0 0.99609375 0.540625 0.0078125 0.059375
0 0.9765625 0.52734375 0.021875 0.046875
0 0.9921875 0.57265625 0.015625 0.0453125
0 0.975 0.56640625 0.0171875 0.0421875
0 0.971875 0.67890625 0.021875 0.040625
0 0.47890625 0.034375 0.0578125 0.06875
0 0.53125 0.02578125 0.0375 0.0515625
0 0.53828125 0.0671875 0.04375 0.11875
0 0.42265625 0.01484375 0.0328125 0.0296875
0 0.378125 0.0109375 0.034375 0.021875
0 0.39140625 0.07265625 0.0484375 0.1453125
0 0.428125 0.06875 0.0296875 0.121875
0 0.45703125 0.0765625 0.0328125 0.115625
0 0.49375 0.13046875 0.03125 0.1078125
0 0.5515625 0.22109375 0.0328125 0.1203125
0 0.58984375 0.24140625 0.034375 0.1046875
0 0.35 0.0296875 0.03125 0.059375
0 0.33515625 0.0203125 0.0109375 0.040625
0 0.3484375 0.065625 0.0375 0.13125
0 0.3453125 0.09140625 0.025 0.1140625
0 0.34140625 0.140625 0.0234375 0.115625
0 0.365625 0.2265625 0.0484375 0.146875
0 0.4578125 0.1921875 0.0328125 0.1296875
0 0.421875 0.1796875 0.0390625 0.10625
0 0.49375 0.2359375 0.0359375 0.1265625
0 0.5296875 0.2875 0.03125 0.109375
0 0.6078125 0.31484375 0.05 0.121875
0 0.64921875 0.38203125 0.0390625 0.0890625
0 0.81328125 0.43515625 0.05625 0.1109375
0 0.865625 0.54453125 0.0171875 0.1296875
0 0.88671875 0.6 0.021875 0.109375
0 0.90546875 0.63671875 0.0203125 0.0796875
0 0.3421875 0.0625 0.025 0.125
0 0.334375 0.0140625 0.009375 0.028125
0 0.3359375 0.0203125 0.0125 0.040625
0 0.340625 0.19921875 0.021875 0.1234375
0 0.334375 0.24921875 0.009375 0.0828125
0 0.33515625 0.25546875 0.0109375 0.0703125
0 0.421875 0.28359375 0.0328125 0.146875
0 0.45703125 0.30390625 0.0375 0.11875
0 0.35078125 0.1125 0.0421875 0.1875
0 0.33984375 0.16875 0.0203125 0.0875
0 0.34296875 0.22890625 0.0265625 0.1546875
0 0.33671875 0.253125 0.0140625 0.109375
0 0.34140625 0.28828125 0.0234375 0.1390625
0 0.3359375 0.2890625 0.0125 0.06875
0 0.36640625 0.48203125 0.040625 0.1484375
0 0.49296875 0.42265625 0.0234375 0.1
0 0.44375 0.3921875 0.03125 0.065625
0 0.42734375 0.46953125 0.034375 0.1
0 0.6125 0.43671875 0.028125 0.090625
0 0.64765625 0.45390625 0.028125 0.0703125
0 0.7125 0.48359375 0.0234375 0.0796875
0 0.7578125 0.41796875 0.0390625 0.1015625
0 0.69296875 0.4015625 0.03125 0.084375
0 0.5203125 0.57265625 0.0234375 0.0796875
0 0.5390625 0.6109375 0.0203125 0.05625
0 0.76171875 0.690625 0.0265625 0.01875
0 0.33984375 0.3359375 0.0203125 0.103125
0 0.3359375 0.578125 0.0125 0.103125
0 0.3390625 0.39765625 0.01875 0.0984375
0 0.365625 0.36484375 0.025 0.09375
0 0.39140625 0.3875 0.028125 0.090625
0 0.3390625 0.42109375 0.01875 0.0984375
0 0.34140625 0.31640625 0.0234375 0.1609375
0 0.3375 0.5703125 0.015625 0.06875
0 0.33515625 0.6375 0.0109375 0.078125
0 0.49296875 0.60703125 0.015625 0.0671875
0 0.52265625 0.4875 0.021875 0.078125
0 0.4921875 0.51796875 0.01875 0.0671875
0 0.52421875 0.4015625 0.0171875 0.059375
0 0.334375 0.31015625 0.009375 0.0671875
0 0.34375 0.34140625 0.028125 0.1296875
0 0.33515625 0.2734375 0.0109375 0.090625
0 0.33671875 0.3578125 0.0140625 0.09375
0 0.3359375 0.47265625 0.0125 0.0796875
0 0.3390625 0.478125 0.01875 0.0625
0 0.3359375 0.6046875 0.0125 0.059375
0 0.39296875 0.57578125 0.0234375 0.0734375
0 0.42578125 0.5671875 0.025 0.0828125
0 0.33515625 0.5234375 0.0109375 0.0875
0 0.6546875 0.6328125 0.015625 0.0578125
0 0.60703125 0.61640625 0.0203125 0.065625
0 0.4578125 0.54296875 0.034375 0.1
0 0.81015625 0.6703125 0.0125 0.034375
0 0.76796875 0.51484375 0.0203125 0.075
0 0.75 0.54453125 0.01875 0.0609375
0 0.690625 0.4765625 0.0234375 0.0671875
0 0.66796875 0.49453125 0.0234375 0.071875
0 0.64921875 0.52109375 0.0234375 0.0640625
0 0.60390625 0.50625 0.015625 0.053125
0 0.5671875 0.46171875 0.028125 0.0703125
0 0.5703125 0.39453125 0.0140625 0.053125
0 0.83046875 0.51484375 0.0171875 0.0546875
0 0.81953125 0.54296875 0.021875 0.071875
0 0.77578125 0.5546875 0.01875 0.05
0 0.79375 0.55625 0.0125 0.0421875
0 0.728125 0.515625 0.0203125 0.075
0 0.6984375 0.56796875 0.0140625 0.06875
0 0.7640625 0.5984375 0.0125 0.053125
0 0.825 0.60078125 0.0234375 0.05
0 0.82734375 0.68359375 0.0109375 0.0265625
0 0.33828125 0.4125 0.0171875 0.071875
0 0.33515625 0.4421875 0.0109375 0.075
0 0.5765625 0.546875 0.0171875 0.053125
0 0.5625 0.5265625 0.0171875 0.040625
0 0.54609375 0.49765625 0.021875 0.0578125
0 0.55703125 0.5703125 0.0203125 0.06875
0 0.6375 0.67890625 0.0125 0.0421875
0 0.5203125 0.65234375 0.01875 0.0734375
0 0.53671875 0.665625 0.0171875 0.0609375
0 0.78203125 0.68671875 0.0171875 0.0265625
0 0.85078125 0.59296875 0.0171875 0.08125
0 0.33515625 0.5890625 0.0109375 0.059375
0 0.4609375 0.6625 0.01875 0.075
0 0.71953125 0.615625 0.0265625 0.075
0 0.7796875 0.60625 0.01875 0.0546875
0 0.16484375 0.85 0.3296875 0.3
0 0.6203125 0.85 0.571875 0.3