0 0.3703125 0.23984375 0.515625 0.4796875
0 0.83515625 0.078125 0.1328125 0.15625
0 0.696875 0.5890625 0.14375 0.21875
0 0.525 0.58359375 0.16875 0.2078125
0 0.34140625 0.5875 0.1390625 0.215625
0 0.1625 0.58984375 0.146875 0.2203125
0 0.025 0.58828125 0.05 0.2171875
0 0.69921875 0.81796875 0.1390625 0.3640625
0 0.52265625 0.7953125 0.1671875 0.409375
0 0.33125 0.7921875 0.125 0.415625
0 0.16328125 0.7890625 0.1546875 0.421875
0 0.0296875 0.7890625 0.059375 0.421875
0 0.83203125 0.73984375 0.1265625 0.5203125