0 0.1 0.4 0.2 0.61875
0 0.47890625 0.296875 0.4984375 0.509375
0 0.16640625 0.9734375 0.0671875 0.053125
0 0.0640625 0.959375 0.096875 0.08125
0 0.1078125 0.73203125 0.04375 0.0453125
0 0.15859375 0.7359375 0.0578125 0.053125
0 0.18515625 0.7734375 0.0296875 0.128125
0 0.1875 0.88671875 0.025 0.0984375
0 0.184375 0.73046875 0.03125 0.0421875
0 0.184375 0.73515625 0.03125 0.0515625
0 0.190625 0.7390625 0.01875 0.059375
0 0.0109375 0.728125 0.021875 0.0375
0 0.11640625 0.73203125 0.0296875 0.0453125
0 0.15 0.73203125 0.0375 0.0453125
0 0.1453125 0.721875 0.021875 0.025
0 0.08203125 0.753125 0.0671875 0.0875
0 0.17109375 0.734375 0.0578125 0.05
0 0.01953125 0.7265625 0.0390625 0.034375
0 0.03203125 0.859375 0.0640625 0.153125
0 0.10625 0.728125 0.040625 0.0375
0 0.0484375 0.73203125 0.0625 0.0453125