0 0.05234375 0.1828125 0.1046875 0.365625
0 0.571875 0.30546875 0.171875 0.1671875
0 0.553125 0.1109375 0.2125 0.221875
0 0.1640625 0.19453125 0.18125 0.3890625
0 0.328125 0.2734375 0.225 0.23125
0 0.0359375 0.31640625 0.071875 0.1453125
0 0.05625 0.0625 0.1125 0.125
0 0.20546875 0.02421875 0.0765625 0.0484375
0 0.05625 0.2609375 0.1125 0.25625
0 0.940625 0.18125 0.11875 0.3625
0 0.125 0.69453125 0.25 0.6109375
0 0.4359375 0.4546875 0.096875 0.13125
0 0.53828125 0.41640625 0.0984375 0.0546875
0 0.746875 0.55 0.175 0.271875