0 0.2875 0.096875 0.165625 0.19375
0 0.15625 0.25703125 0.3125 0.1640625
0 0.484375 0.11484375 0.078125 0.2296875
0 0.578125 0.16953125 0.08125 0.3390625
0 0.11875 0.16953125 0.15 0.3390625
0 0.38203125 0.275 0.1140625 0.128125
0 0.81640625 0.18984375 0.2703125 0.2984375
0 0.07890625 0.63515625 0.1578125 0.1765625
0 0.6390625 0.57109375 0.040625 0.4640625
0 0.6390625 0.56015625 0.040625 0.4421875
0 0.63671875 0.5703125 0.0359375 0.4625
0 0.64453125 0.56171875 0.0515625 0.4453125
0 0.94765625 0.56796875 0.0734375 0.4578125
0 0.7046875 0.57578125 0.0875 0.4734375
0 0.76640625 0.5578125 0.0828125 0.4375
0 0.8421875 0.5578125 0.09375 0.4375
0 0.65234375 0.54765625 0.0671875 0.4171875