0 0.2140625 0.225 0.321875 0.45
0 0.6328125 0.33125 0.446875 0.2375
0 0.43203125 0.66171875 0.0453125 0.2734375
0 0.8421875 0.48984375 0.06875 0.0796875
0 0.59765625 0.54765625 0.078125 0.1625
0 0.83203125 0.53515625 0.0890625 0.1703125
0 0.5328125 0.4859375 0.053125 0.071875
0 0.4921875 0.47578125 0.059375 0.0515625
0 0.8953125 0.54921875 0.065625 0.1984375
0 0.7046875 0.47734375 0.059375 0.0546875
0 0.6453125 0.47421875 0.046875 0.0484375
0 0.95390625 0.46953125 0.0390625 0.0390625
0 0.4375 0.48359375 0.05625 0.0671875
0 0.6828125 0.55234375 0.15625 0.2046875
0 0.42265625 0.7109375 0.0265625 0.171875
0 0.4703125 0.478125 0.04375 0.05625
0 0.496875 0.48359375 0.034375 0.0671875
0 0.5953125 0.478125 0.0375 0.05625
0 0.98125 0.553125 0.034375 0.20625
0 0.96640625 0.46875 0.0390625 0.0375
0 0.98984375 0.4890625 0.0203125 0.078125