0 0.3328125 0.07734375 0.165625 0.1546875
0 0.54140625 0.1796875 0.1171875 0.359375
0 0.196875 0.225 0.321875 0.45
0 0.5296875 0.0703125 0.078125 0.140625
0 0.1640625 0.1125 0.15 0.225
0 0.42734375 0.08046875 0.1140625 0.1609375
0 0.828125 0.1359375 0.34375 0.271875
0 0.06953125 0.88984375 0.0921875 0.2203125
0 0.53125 0.50703125 0.06875 0.1140625
0 0.28671875 0.80234375 0.078125 0.1609375
0 0.521875 0.71015625 0.090625 0.3328125
0 0.221875 0.4859375 0.053125 0.071875
0 0.18203125 0.54296875 0.059375 0.103125
0 0.57578125 0.7234375 0.0484375 0.359375
0 0.39375 0.47734375 0.059375 0.0546875
0 0.334375 0.47421875 0.046875 0.0484375
0 0.12421875 0.48359375 0.0609375 0.0671875
0 0.37265625 0.69296875 0.15625 0.4109375
0 0.01328125 0.93984375 0.0265625 0.1203125
0 0.16015625 0.70234375 0.0453125 0.1125
0 0.18671875 0.66796875 0.0359375 0.1375
0 0.28515625 0.59921875 0.0375 0.1125
0 0.8 0.725 0.4 0.55