0 0.25390625 0.31171875 0.1515625 0.2015625
0 0.853125 0.30546875 0.0671875 0.3046875
0 0.0109375 0.7671875 0.021875 0.1375
0 0.01171875 0.6625 0.0234375 0.065625
0 0.0171875 0.97421875 0.034375 0.0515625
0 0.0078125 0.65625 0.015625 0.053125
0 0.21640625 0.64765625 0.0296875 0.0359375
0 0.00703125 0.64453125 0.0140625 0.0296875
0 0.1125 0.665625 0.04375 0.071875
0 0.01640625 0.94453125 0.0328125 0.1109375
0 0.1578125 0.7078125 0.04375 0.15625
0 0.0078125 0.64765625 0.015625 0.0359375
0 0.009375 0.66328125 0.01875 0.0671875
0 0.1625 0.84453125 0.053125 0.13125
0 0.06484375 0.6609375 0.0421875 0.0625
0 0.00859375 0.79609375 0.0171875 0.1234375
0 0.015625 0.7453125 0.03125 0.23125
0 0.01796875 0.92578125 0.0359375 0.1484375
0 0.01484375 0.81953125 0.0296875 0.2015625
0 0.05234375 0.74140625 0.0484375 0.171875
0 0.31875 0.64921875 0.021875 0.0390625
0 0.09765625 0.909375 0.0515625 0.18125
0 0.0078125 0.709375 0.015625 0.078125
0 0.1921875 0.65625 0.053125 0.053125
0 0.00703125 0.65 0.0140625 0.040625
0 0.00625 0.68203125 0.0125 0.0515625
0 0.271875 0.66640625 0.0625 0.0734375
0 0.01796875 0.80234375 0.0359375 0.2078125
0 0.01640625 0.721875 0.0328125 0.184375
0 0.01640625 0.67421875 0.0328125 0.0890625
0 0.0140625 0.678125 0.028125 0.096875
0 0.009375 0.7421875 0.01875 0.11875
0 0.0140625 0.928125 0.028125 0.14375
0 0.01640625 0.67265625 0.0328125 0.0859375
0 0.0140625 0.76015625 0.028125 0.1640625
0 0.0203125 0.6640625 0.040625 0.06875
0 0.02265625 0.67265625 0.0453125 0.0859375
0 0.07421875 0.6625 0.0453125 0.065625
0 0.15703125 0.65078125 0.0421875 0.0421875
0 0.15703125 0.64765625 0.0328125 0.0359375
0 0.184375 0.64921875 0.034375 0.0390625
0 0.2078125 0.64921875 0.040625 0.0390625
0 0.31640625 0.66328125 0.0265625 0.0671875
0 0.009375 0.77109375 0.01875 0.1328125
0 0.01328125 0.73125 0.0265625 0.203125
0 0.00703125 0.64765625 0.0140625 0.0359375
0 0.0046875 0.6453125 0.009375 0.03125
0 0.00546875 0.6421875 0.0109375 0.025
0 0.003125 0.6484375 0.00625 0.0375
0 0.00625 0.64375 0.0125 0.028125
0 0.0046875 0.640625 0.009375 0.021875
0 0.0046875 0.64140625 0.009375 0.0234375
0 0.00390625 0.63984375 0.0078125 0.0203125
0 0.2953125 0.6484375 0.028125 0.0375
0 0.3234375 0.6453125 0.0125 0.03125
0 0.00625 0.64296875 0.0125 0.0265625
0 0.0046875 0.64140625 0.009375 0.0234375
0 0.0046875 0.64609375 0.009375 0.0328125
0 0.00703125 0.64296875 0.0140625 0.0265625
0 0.0046875 0.640625 0.009375 0.021875
0 0.00625 0.64140625 0.0125 0.0234375