0 0.05234375 0.30078125 0.1046875 0.2015625
0 0.69375 0.31953125 0.5875 0.5203125
0 0.290625 0.7265625 0.059375 0.1640625
0 0.24296875 0.7453125 0.0421875 0.146875
0 0.1921875 0.7390625 0.0578125 0.13125
0 0.13671875 0.72109375 0.04375 0.1296875
0 0.2515625 0.61328125 0.065625 0.0671875
0 0.18828125 0.61015625 0.0453125 0.0609375
0 0.14140625 0.60546875 0.0421875 0.0515625
0 0.02578125 0.615625 0.0515625 0.071875
0 0.015625 0.61171875 0.03125 0.0640625
0 0.01171875 0.6015625 0.0234375 0.04375
0 0.01015625 0.603125 0.0203125 0.046875
0 0.01640625 0.6171875 0.0328125 0.075
0 0.01015625 0.61953125 0.0203125 0.0796875
0 0.01328125 0.61640625 0.0265625 0.0734375
0 0.0078125 0.6140625 0.015625 0.06875
0 0.01640625 0.6203125 0.0328125 0.08125
0 0.00859375 0.60390625 0.0171875 0.0484375
0 0.01171875 0.6640625 0.0234375 0.16875
0 0.0125 0.603125 0.025 0.046875
0 0.01171875 0.64453125 0.0234375 0.1171875
0 0.009375 0.65703125 0.01875 0.0890625
0 0.0078125 0.70234375 0.015625 0.0796875
0 0.009375 0.75859375 0.01875 0.0796875
0 0.009375 0.85 0.01875 0.096875
0 0.0078125 0.8484375 0.015625 0.075
0 0.0078125 0.82265625 0.015625 0.0796875
0 0.00703125 0.8328125 0.0140625 0.078125
0 0.00703125 0.9078125 0.0140625 0.075
0 0.00859375 0.90625 0.0171875 0.059375
0 0.0875 0.621875 0.0625 0.084375
0 0.0265625 0.61015625 0.05 0.0609375
0 0.01484375 0.62109375 0.0296875 0.0828125
0 0.0125 0.65859375 0.025 0.1109375
0 0.06015625 0.6265625 0.0703125 0.09375
0 0.13828125 0.6359375 0.0640625 0.1125
0 0.24140625 0.60234375 0.0359375 0.0453125
0 0.30625 0.63515625 0.065625 0.1109375
0 0.3734375 0.6265625 0.053125 0.09375
0 0.38125 0.60546875 0.03125 0.0515625
0 0.3609375 0.6359375 0.059375 0.1125
0 0.30546875 0.615625 0.0546875 0.071875
0 0.25234375 0.6265625 0.0484375 0.09375
0 0.21484375 0.63203125 0.0390625 0.1046875
0 0.3875 0.6765625 0.025 0.1125
0 0.3765625 0.8421875 0.046875 0.2375
0 0.32109375 0.828125 0.0421875 0.1328125
0 0.27734375 0.83828125 0.0390625 0.109375
0 0.1078125 0.76796875 0.03125 0.0921875
0 0.08203125 0.696875 0.04375 0.0890625
0 0.071875 0.759375 0.028125 0.075
0 0.046875 0.77109375 0.0265625 0.0984375
0 0.025 0.7859375 0.028125 0.10625
0 0.01328125 0.8140625 0.0265625 0.103125
0 0.00859375 0.75390625 0.0171875 0.1171875
0 0.015625 0.76484375 0.03125 0.1640625
0 0.009375 0.734375 0.01875 0.075
0 0.00625 0.778125 0.0125 0.075
0 0.00546875 0.77109375 0.0109375 0.0609375
0 0.01015625 0.71953125 0.0203125 0.1109375
0 0.00703125 0.8328125 0.0140625 0.090625
0 0.009375 0.88359375 0.01875 0.0890625
0 0.00859375 0.89609375 0.0171875 0.0859375
0 0.01328125 0.9 0.0265625 0.15625
0 0.01328125 0.8890625 0.0265625 0.084375
0 0.0078125 0.93359375 0.015625 0.1171875
0 0.00546875 0.95078125 0.0109375 0.0578125
0 0.0046875 0.95703125 0.009375 0.0515625
0 0.009375 0.9265625 0.01875 0.109375
0 0.01171875 0.97265625 0.0234375 0.0546875
0 0.00546875 0.984375 0.0109375 0.03125
0 0.23828125 0.90859375 0.0296875 0.125
0 0.18828125 0.8328125 0.0421875 0.078125
0 0.1140625 0.84609375 0.0296875 0.0734375
0 0.06484375 0.8359375 0.028125 0.0859375
0 0.0546875 0.90546875 0.0265625 0.065625
0 0.10078125 0.89140625 0.03125 0.0640625
0 0.0796875 0.90546875 0.0234375 0.08125
0 0.1328125 0.9109375 0.0296875 0.084375
0 0.17109375 0.90625 0.04375 0.090625
0 0.2 0.934375 0.0421875 0.1265625
0 0.28671875 0.9453125 0.0453125 0.109375
0 0.325 0.9484375 0.034375 0.103125
0 0.35390625 0.9765625 0.0390625 0.046875
0 0.3859375 0.97890625 0.028125 0.0421875
0 0.09375 0.96875 0.034375 0.0625
0 0.17109375 0.98359375 0.0328125 0.0328125
0 0.06015625 0.98828125 0.0390625 0.0234375
0 0.0296875 0.96015625 0.0296875 0.059375
0 0.01328125 0.99296875 0.0234375 0.0140625
0 0.79765625 0.6078125 0.0703125 0.05625
0 0.84375 0.62734375 0.05625 0.0953125
0 0.79453125 0.70703125 0.0828125 0.2546875
0 0.6609375 0.77578125 0.246875 0.3921875
0 0.95 0.61484375 0.025 0.0703125
0 0.92421875 0.640625 0.0453125 0.121875
0 0.43359375 0.7109375 0.0390625 0.2296875
0 0.46171875 0.63828125 0.0390625 0.1171875