0 0.22109375 0.30390625 0.1765625 0.2015625
0 0.60625 0.0984375 0.165625 0.196875
0 0.87109375 0.49453125 0.2296875 0.3109375
0 0.4703125 0.4140625 0.321875 0.471875
0 0.803125 0.11640625 0.078125 0.2328125
0 0.928125 0.18203125 0.14375 0.3640625
0 0.4375 0.21328125 0.15 0.4265625
0 0.70078125 0.3578125 0.1140625 0.2875
0 0.01171875 0.66875 0.0234375 0.0375
0 0.29140625 0.8515625 0.0359375 0.071875
0 0.01328125 0.9609375 0.0265625 0.078125
0 0.0140625 0.66953125 0.028125 0.0390625
0 0.0109375 0.82109375 0.021875 0.0703125
0 0.0125 0.86484375 0.025 0.0640625
0 0.01015625 0.66640625 0.0203125 0.0328125
0 0.1828125 0.66640625 0.03125 0.0328125
0 0.01015625 0.671875 0.0203125 0.04375
0 0.0125 0.71953125 0.025 0.0859375
0 0.29921875 0.67265625 0.0203125 0.0453125
0 0.10546875 0.66640625 0.0359375 0.0328125
0 0.01015625 0.7796875 0.0203125 0.065625
0 0.29609375 0.79609375 0.0265625 0.0640625
0 0.009375 0.66796875 0.01875 0.0359375
0 0.28515625 0.96484375 0.0484375 0.0703125
0 0.16796875 0.9484375 0.0421875 0.096875
0 0.13671875 0.66640625 0.0328125 0.0328125
0 0.01015625 0.7171875 0.0203125 0.075
0 0.1796875 0.77109375 0.0375 0.065625
0 0.009375 0.6703125 0.01875 0.040625
0 0.0140625 0.85234375 0.028125 0.0859375
0 0.21796875 0.678125 0.0359375 0.05625
0 0.00625 0.66328125 0.0125 0.0265625
0 0.0078125 0.6703125 0.015625 0.040625
0 0.08046875 0.7546875 0.0390625 0.084375
0 0.0125 0.6875 0.025 0.075
0 0.14609375 0.6671875 0.0359375 0.034375
0 0.01171875 0.66796875 0.0234375 0.0359375
0 0.14609375 0.78359375 0.034375 0.0734375
0 0.0109375 0.796875 0.021875 0.071875
0 0.29453125 0.68125 0.0296875 0.0625
0 0.225 0.90703125 0.05 0.071875
0 0.115625 0.94140625 0.0359375 0.0890625
0 0.00859375 0.67421875 0.0171875 0.0484375
0 0.10703125 0.66953125 0.0328125 0.0390625
0 0.1640625 0.87578125 0.0359375 0.0765625
0 0.21640625 0.96015625 0.0546875 0.0796875
0 0.00625 0.66796875 0.0125 0.0359375
0 0.23515625 0.66875 0.0421875 0.0375
0 0.0125 0.9484375 0.025 0.103125
0 0.00703125 0.66484375 0.0140625 0.0296875
0 0.00703125 0.665625 0.0140625 0.03125
0 0.23125 0.7421875 0.0375 0.0703125
0 0.009375 0.66484375 0.01875 0.0296875
0 0.0328125 0.71328125 0.040625 0.0796875
0 0.0078125 0.690625 0.015625 0.08125
0 0.11328125 0.8515625 0.04375 0.0796875
0 0.19375 0.72421875 0.0359375 0.0703125
0 0.2734375 0.7453125 0.0359375 0.0734375
0 0.240625 0.83203125 0.0390625 0.0765625
0 0.0078125 0.66796875 0.015625 0.0359375
0 0.00625 0.665625 0.0125 0.03125
0 0.3984375 0.925 0.178125 0.15