0 0.44140625 0.23046875 0.1359375 0.2015625
0 0.575 0.1796875 0.13125 0.359375
0 0.7359375 0.0203125 0.028125 0.040625
0 0.81953125 0.053125 0.0203125 0.10625
0 0.803125 0.04140625 0.015625 0.0828125
0 0.8578125 0.053125 0.046875 0.10625
0 0.94140625 0.1109375 0.025 0.1828125
0 0.97734375 0.134375 0.0453125 0.20625
0 0.8953125 0.06015625 0.025 0.1203125
0 0.48125 0.4890625 0.05625 0.1
0 0.49296875 0.4796875 0.0328125 0.08125
0 0.3140625 0.46015625 0.0375 0.0421875
0 0.3984375 0.49296875 0.084375 0.1078125
0 0.3328125 0.484375 0.04375 0.090625
0 0.365625 0.4578125 0.021875 0.0375
0 0.41015625 0.5390625 0.034375 0.140625
0 0.4546875 0.4671875 0.028125 0.05625
0 0.39453125 0.46328125 0.0359375 0.0484375
0 0.45234375 0.5234375 0.0421875 0.159375
0 0.4828125 0.5703125 0.0421875 0.159375
0 0.22734375 0.4734375 0.0578125 0.06875
0 0.2796875 0.46484375 0.0375 0.0515625
0 0.2859375 0.46875 0.04375 0.059375
0 0.17109375 0.45390625 0.0328125 0.0296875
0 0.1265625 0.45 0.034375 0.021875
0 0.13984375 0.47890625 0.0484375 0.0796875
0 0.17578125 0.46953125 0.0296875 0.0609375
0 0.20546875 0.46796875 0.0328125 0.0578125
0 0.2421875 0.465625 0.03125 0.053125
0 0.29921875 0.48515625 0.0328125 0.0921875
0 0.33828125 0.49140625 0.034375 0.1046875
0 0.0984375 0.46796875 0.03125 0.0578125
0 0.06953125 0.459375 0.0234375 0.040625
0 0.02734375 0.4828125 0.0546875 0.0875
0 0.09375 0.4671875 0.025 0.05625
0 0.0484375 0.46796875 0.046875 0.0578125
0 0.11328125 0.49453125 0.0484375 0.1109375
0 0.20546875 0.47265625 0.0328125 0.0671875
0 0.16953125 0.465625 0.0390625 0.053125
0 0.24140625 0.49375 0.0359375 0.109375
0 0.278125 0.5375 0.03125 0.109375
0 0.35625 0.56484375 0.05 0.121875
0 0.39765625 0.63203125 0.0390625 0.0890625
0 0.0125 0.47734375 0.025 0.0765625
0 0.0046875 0.453125 0.009375 0.028125
0 0.00625 0.459375 0.0125 0.040625
0 0.0109375 0.475 0.021875 0.071875
0 0.0484375 0.49921875 0.01875 0.0828125
0 0.07421875 0.50625 0.021875 0.0703125
0 0.1703125 0.53359375 0.0328125 0.146875
0 0.20546875 0.55390625 0.0375 0.11875
0 0.02109375 0.4859375 0.0421875 0.09375
0 0.01015625 0.4609375 0.0203125 0.04375
0 0.01328125 0.49765625 0.0265625 0.1171875
0 0.00703125 0.503125 0.0140625 0.109375
0 0.01171875 0.53828125 0.0234375 0.1390625
0 0.009375 0.5390625 0.01875 0.06875
0 0.11484375 0.73203125 0.040625 0.1484375
0 0.24140625 0.67265625 0.0234375 0.1
0 0.1921875 0.6421875 0.03125 0.065625
0 0.17578125 0.71953125 0.034375 0.1
0 0.3609375 0.68671875 0.028125 0.090625
0 0.39609375 0.70390625 0.028125 0.0703125
0 0.4609375 0.73359375 0.0234375 0.0796875
0 0.49765625 0.66796875 0.0234375 0.1015625
0 0.44140625 0.6515625 0.03125 0.084375
0 0.26875 0.82265625 0.0234375 0.0796875
0 0.2875 0.8609375 0.0203125 0.05625
0 0.503125 0.965625 0.0125 0.06875
0 0.41875 0.984375 0.01875 0.03125
0 0.38125 0.9875 0.00625 0.025
0 0.39921875 0.97890625 0.0109375 0.0265625
0 0.37265625 0.9875 0.0078125 0.025
0 0.3546875 0.9921875 0.009375 0.015625
0 0.321875 0.99453125 0.0125 0.0109375
0 0.32890625 0.99375 0.0078125 0.0125
0 0.31171875 0.99453125 0.0046875 0.0109375
0 0.01015625 0.5859375 0.0203125 0.103125
0 0.0109375 0.828125 0.021875 0.103125
0 0.0515625 0.6484375 0.0390625 0.0984375
0 0.1140625 0.61484375 0.025 0.09375
0 0.13984375 0.6375 0.028125 0.090625
0 0.009375 0.67109375 0.01875 0.0984375
0 0.01171875 0.56640625 0.0234375 0.1609375
0 0.0078125 0.8203125 0.015625 0.06875
0 0.00546875 0.8875 0.0109375 0.078125
0 0.24140625 0.85703125 0.015625 0.0671875
0 0.27109375 0.7375 0.021875 0.078125
0 0.240625 0.76796875 0.01875 0.0671875
0 0.27265625 0.6515625 0.0171875 0.059375
0 0.06796875 0.5609375 0.0203125 0.0671875
0 0.0921875 0.59140625 0.028125 0.1296875
0 0.03359375 0.52421875 0.0234375 0.090625
0 0.00703125 0.6078125 0.0140625 0.09375
0 0.0671875 0.7234375 0.0265625 0.0796875
0 0.08515625 0.72890625 0.0234375 0.0625
0 0.06796875 0.85546875 0.0265625 0.059375
0 0.14140625 0.82578125 0.0234375 0.0734375
0 0.17421875 0.8171875 0.025 0.0828125
0 0.00546875 0.7734375 0.0109375 0.0875
0 0.403125 0.8828125 0.015625 0.0578125
0 0.35546875 0.86640625 0.0203125 0.065625
0 0.20625 0.79296875 0.034375 0.1
0 0.4984375 0.79453125 0.01875 0.0609375
0 0.4390625 0.7265625 0.0234375 0.0671875
0 0.41640625 0.74453125 0.0234375 0.071875
0 0.39765625 0.77109375 0.0234375 0.0640625
0 0.35234375 0.75625 0.015625 0.053125
0 0.315625 0.71171875 0.028125 0.0703125
0 0.31875 0.64453125 0.0140625 0.053125
0 0.4765625 0.765625 0.0203125 0.075
0 0.446875 0.81796875 0.0140625 0.06875
0 0.5078125 0.8484375 0.003125 0.053125
0 0.00859375 0.6625 0.0171875 0.071875
0 0.00546875 0.6921875 0.0109375 0.075
0 0.325 0.796875 0.0171875 0.053125
0 0.3109375 0.7765625 0.0171875 0.040625
0 0.29453125 0.74765625 0.021875 0.0578125
0 0.30546875 0.8203125 0.0203125 0.06875
0 0.3859375 0.93515625 0.0125 0.053125
0 0.26875 0.90234375 0.01875 0.0734375
0 0.28515625 0.915625 0.0171875 0.0609375
0 0.00546875 0.8390625 0.0109375 0.059375
0 0.21015625 0.91328125 0.01875 0.0765625
0 0.46796875 0.865625 0.0265625 0.075
0 0.8234375 0.684375 0.353125 0.490625