0 0.22109375 0.55546875 0.4171875 0.5265625
0 0.71484375 0.4328125 0.5703125 0.771875
0 0.365625 0.9609375 0.0625 0.078125
0 0.80859375 0.865625 0.0484375 0.09375
0 0.67734375 0.90078125 0.034375 0.1125
0 0.4703125 0.8640625 0.046875 0.090625
0 0.440625 0.95546875 0.021875 0.0890625
0 0.4421875 0.9671875 0.025 0.065625
0 0.52109375 0.8546875 0.0484375 0.071875
0 0.43828125 0.865625 0.0171875 0.09375
0 0.48125 0.97109375 0.040625 0.0578125
0 0.52890625 0.965625 0.0578125 0.06875
0 0.7578125 0.8703125 0.040625 0.103125
0 0.43828125 0.88046875 0.0171875 0.1234375
0 0.43984375 0.93359375 0.0203125 0.1328125
0 0.8703125 0.9359375 0.046875 0.128125
0 0.45078125 0.88515625 0.0296875 0.1328125
0 0.44375 0.909375 0.028125 0.18125
0 0.4421875 0.909375 0.025 0.18125
0 0.621875 0.909375 0.059375 0.18125
0 0.44453125 0.86953125 0.0296875 0.1015625