0 0.215625 0.29375 0.246875 0.55
0 0.6875 0.028125 0.040625 0.05625
0 0.7703125 0.04140625 0.05 0.0828125
0 0.81875 0.03203125 0.028125 0.0640625
0 0.94296875 0.04609375 0.0296875 0.0921875
0 0.99453125 0.10078125 0.0109375 0.1515625
0 0.68984375 0.0421875 0.0390625 0.084375
0 0.71875 0.03359375 0.03125 0.0671875
0 0.771875 0.03359375 0.03125 0.0671875
0 0.8484375 0.0390625 0.0375 0.078125
0 0.78671875 0.04921875 0.0296875 0.0984375
0 0.5703125 0.03671875 0.040625 0.0734375
0 0.43671875 0.025 0.0328125 0.05
0 0.3859375 0.03046875 0.03125 0.0609375
0 0.3484375 0.0203125 0.01875 0.040625
0 0.5625 0.11875 0.0234375 0.15
0 0.61015625 0.04609375 0.0265625 0.0921875
0 0.4171875 0.034375 0.040625 0.06875
0 0.35390625 0.04609375 0.0296875 0.0921875
0 0.43046875 0.1375 0.0171875 0.125
0 0.471875 0.05703125 0.025 0.1140625
0 0.609375 0.03828125 0.04375 0.0765625
0 0.63359375 0.04453125 0.0359375 0.0890625
0 0.740625 0.24375 0.01875 0.115625
0 0.8796875 0.0359375 0.053125 0.071875
0 0.9203125 0.29140625 0.0390625 0.1328125
0 0.64921875 0.1890625 0.0390625 0.125
0 0.14453125 0.784375 0.2890625 0.43125
0 0.49765625 0.71015625 0.2640625 0.2828125
0 0.771875 0.5890625 0.028125 0.040625
0 0.85546875 0.60546875 0.0203125 0.0734375
0 0.8390625 0.603125 0.015625 0.06875
0 0.89375 0.6203125 0.046875 0.103125
0 0.9765625 0.63125 0.025 0.125
0 0.93125 0.6109375 0.025 0.084375