0 0.4328125 0.31640625 0.053125 0.3265625
0 0.35859375 0.30625 0.0734375 0.346875
0 0.03046875 0.30859375 0.0609375 0.3421875
0 0.025 0.30546875 0.05 0.3484375
0 0.26796875 0.3 0.0859375 0.359375
0 0.20703125 0.31875 0.0828125 0.321875
0 0.13125 0.31875 0.09375 0.321875
0 0.0203125 0.3046875 0.040625 0.35
0 0.015625 0.2890625 0.03125 0.38125
0 0.465625 0.4578125 0.0125 0.04375
0 0.0171875 0.9546875 0.034375 0.090625
0 0.01640625 0.965625 0.0328125 0.06875
0 0.1046875 0.909375 0.209375 0.18125
0 0.246875 0.95234375 0.040625 0.0953125
0 0.3375 0.9546875 0.125 0.090625
0 0.3859375 0.9296875 0.065625 0.1203125
0 0.440625 0.95703125 0.0375 0.0859375
0 0.40625 0.8625 0.065625 0.084375
0 0.30859375 0.8453125 0.10625 0.1453125
0 0.1984375 0.7921875 0.0875 0.134375
0 0.2765625 0.7515625 0.0875 0.1734375
0 0.4453125 0.7828125 0.028125 0.165625
0 0.38203125 0.7640625 0.0796875 0.128125
0 0.31484375 0.6328125 0.065625 0.1375
0 0.40625 0.64765625 0.0578125 0.1078125
0 0.45078125 0.66171875 0.0171875 0.0953125
0 0.403125 0.55703125 0.0625 0.1
0 0.37890625 0.5109375 0.0484375 0.0625
0 0.41796875 0.49296875 0.0203125 0.0265625
0 0.38828125 0.490625 0.0140625 0.021875
0 0.26015625 0.6 0.0453125 0.11875
0 0.21796875 0.63359375 0.03125 0.08125
0 0.09375 0.7515625 0.0515625 0.1640625
0 0.1203125 0.69140625 0.028125 0.09375
0 0.15078125 0.7359375 0.046875 0.11875
0 0.203125 0.69453125 0.071875 0.0765625
0 0.121875 0.60546875 0.071875 0.14375
0 0.17421875 0.6234375 0.034375 0.06875
0 0.21015625 0.55703125 0.046875 0.1046875
0 0.1671875 0.553125 0.034375 0.090625
0 0.01796875 0.77109375 0.0359375 0.1328125
0 0.01015625 0.6875 0.0203125 0.059375
0 0.0421875 0.7046875 0.053125 0.140625
0 0.01171875 0.90546875 0.0234375 0.0828125
0 0.01640625 0.8421875 0.0328125 0.115625
0 0.01484375 0.771875 0.0296875 0.08125
0 0.00703125 0.71953125 0.0140625 0.0578125
0 0.01171875 0.72265625 0.0234375 0.1046875
0 0.03125 0.57265625 0.040625 0.1
0 0.06796875 0.60390625 0.0359375 0.09375
0 0.1359375 0.51171875 0.028125 0.0640625
0 0.09453125 0.5328125 0.040625 0.075
0 0.06953125 0.509375 0.0390625 0.059375
0 0.01015625 0.70078125 0.0203125 0.0828125
0 0.01015625 0.8703125 0.0203125 0.121875
0 0.0109375 0.78046875 0.021875 0.0796875
0 0.0171875 0.8984375 0.034375 0.128125
0 0.0078125 0.89296875 0.015625 0.0828125
0 0.01171875 0.81484375 0.0234375 0.1046875
0 0.01171875 0.81015625 0.0234375 0.0859375
0 0.00859375 0.7359375 0.0171875 0.084375
0 0.009375 0.67578125 0.01875 0.1140625
0 0.0140625 0.66484375 0.028125 0.0953125
0 0.01796875 0.753125 0.0359375 0.2
0 0.0078125 0.76953125 0.015625 0.0890625
0 0.0234375 0.86640625 0.046875 0.1171875
0 0.01015625 0.81875 0.0203125 0.06875
0 0.00859375 0.73046875 0.0171875 0.0921875
0 0.01328125 0.653125 0.0265625 0.090625
0 0.0125 0.578125 0.025 0.115625
0 0.01328125 0.56796875 0.0265625 0.1046875
0 0.00703125 0.61171875 0.0140625 0.0546875
0 0.01328125 0.6109375 0.0265625 0.1
0 0.0125 0.62265625 0.025 0.0953125
0 0.0078125 0.66875 0.015625 0.0625
0 0.0109375 0.634375 0.021875 0.11875
0 0.01171875 0.534375 0.0234375 0.09375
0 0.00859375 0.50703125 0.0171875 0.0546875
0 0.009375 0.50078125 0.01875 0.0421875
0 0.009375 0.53828125 0.01875 0.1171875
0 0.01015625 0.59921875 0.0203125 0.0796875
0 0.00625 0.60234375 0.0125 0.0515625
0 0.00625 0.6421875 0.0125 0.040625
0 0.01015625 0.4984375 0.0203125 0.0375
0 0.0109375 0.50234375 0.021875 0.0453125
0 0.02890625 0.5046875 0.0421875 0.05
0 0.11328125 0.4953125 0.0265625 0.03125
0 0.203125 0.49765625 0.03125 0.0359375
0 0.24375 0.49765625 0.028125 0.0359375
0 0.28046875 0.51953125 0.0703125 0.0796875
0 0.3484375 0.5125 0.03125 0.065625
0 0.96015625 0.66484375 0.0796875 0.3703125
0 0.8203125 0.659375 0.16875 0.359375
0 0.63671875 0.6671875 0.1390625 0.375
0 0.49609375 0.6703125 0.0734375 0.38125
0 0.484375 0.66953125 0.05 0.3796875