0 0.0203125 0.25390625 0.040625 0.2921875
0 0.0203125 0.25546875 0.040625 0.2890625
0 0.01796875 0.25078125 0.0359375 0.2984375
0 0.02578125 0.253125 0.0515625 0.29375
0 0.13046875 0.24765625 0.0734375 0.3046875
0 0.2328125 0.24765625 0.1 0.3046875
0 0.021875 0.25390625 0.04375 0.2921875
0 0.0203125 0.26328125 0.040625 0.2734375
0 0.0359375 0.24453125 0.071875 0.3109375
0 0.325 0.24921875 0.05 0.3015625
0 0.03359375 0.27421875 0.0671875 0.2515625
0 0.6484375 0.3 0.16875 0.2
0 0.3203125 0.78828125 0.0421875 0.103125
0 0.3375 0.5703125 0.025 0.153125
0 0.334375 0.4484375 0.03125 0.096875
0 0.29375 0.43671875 0.046875 0.0734375
0 0.33359375 0.92265625 0.0328125 0.1453125
0 0.2265625 0.68515625 0.08125 0.1765625
0 0.1828125 0.55078125 0.0828125 0.1265625
0 0.13046875 0.86640625 0.134375 0.1125
0 0.1234375 0.68984375 0.09375 0.1734375
0 0.1328125 0.459375 0.13125 0.11875
0 0.2390625 0.4390625 0.05625 0.078125
0 0.02890625 0.503125 0.0578125 0.159375
0 0.0796875 0.60625 0.096875 0.121875
0 0.04453125 0.70859375 0.0890625 0.1171875
0 0.2484375 0.96328125 0.053125 0.0734375
0 0.28359375 0.5515625 0.0421875 0.1078125
0 0.51015625 0.70234375 0.3203125 0.4078125