0 0.08984375 0.26953125 0.1796875 0.5390625
0 0.5 0.3546875 0.16875 0.36875
0 0.8421875 0.25703125 0.0703125 0.16875
0 0.2609375 0.33984375 0.1625 0.3984375
0 0.64921875 0.25625 0.0703125 0.2515625
0 0.425 0.071875 0.053125 0.1125
0 0.696875 0.215625 0.0609375 0.1703125
0 0.77734375 0.25 0.065625 0.1765625
0 0.88828125 0.26328125 0.065625 0.1734375
0 0.81015625 0.25390625 0.08125 0.190625
0 0.9609375 0.275 0.078125 0.196875
0 0.9171875 0.259375 0.078125 0.171875
0 0.0953125 0.565625 0.05625 0.053125
0 0.0140625 0.85 0.028125 0.1
0 0.009375 0.821875 0.01875 0.0875
0 0.009375 0.8421875 0.01875 0.078125
0 0.01328125 0.68671875 0.0265625 0.0703125
0 0.0203125 0.871875 0.040625 0.11875
0 0.0125 0.7859375 0.025 0.096875
0 0.01015625 0.7875 0.0203125 0.071875
0 0.05625 0.69453125 0.053125 0.11875
0 0.01484375 0.67265625 0.0296875 0.0890625
0 0.01171875 0.9640625 0.0234375 0.065625
0 0.01015625 0.69140625 0.0203125 0.0921875
0 0.171875 0.68515625 0.015625 0.1046875
0 0.009375 0.625 0.01875 0.078125
0 0.00859375 0.8046875 0.0171875 0.0625
0 0.00859375 0.8546875 0.0171875 0.071875
0 0.01171875 0.70234375 0.0234375 0.0859375
0 0.02265625 0.9609375 0.0453125 0.078125
0 0.0125 0.75625 0.025 0.078125
0 0.0140625 0.95234375 0.028125 0.0953125
0 0.0109375 0.8234375 0.021875 0.11875
0 0.12421875 0.68203125 0.0515625 0.0828125
0 0.0109375 0.9375 0.021875 0.125
0 0.01015625 0.63984375 0.0203125 0.0609375
0 0.01015625 0.7953125 0.0203125 0.08125
0 0.01015625 0.7625 0.0203125 0.09375
0 0.0921875 0.90859375 0.0375 0.0796875
0 0.0515625 0.5671875 0.046875 0.05625
0 0.15 0.609375 0.05625 0.075
0 0.01328125 0.82265625 0.0265625 0.1171875
0 0.0234375 0.62578125 0.040625 0.065625
0 0.0109375 0.6171875 0.021875 0.075
0 0.015625 0.95 0.03125 0.1
0 0.0125 0.61953125 0.025 0.0859375
0 0.03515625 0.9390625 0.0703125 0.121875
0 0.0078125 0.9046875 0.015625 0.059375
0 0.0859375 0.62265625 0.0421875 0.0875
0 0.00859375 0.575 0.0171875 0.0625
0 0.00625 0.60859375 0.0125 0.0578125
0 0.0125 0.95625 0.025 0.0875
0 0.10546875 0.76015625 0.04375 0.0859375
0 0.0078125 0.759375 0.015625 0.071875
0 0.009375 0.85859375 0.01875 0.0671875
0 0.08671875 0.803125 0.046875 0.0859375
0 0.0125 0.975 0.025 0.05
0 0.00859375 0.6171875 0.0171875 0.0625
0 0.00859375 0.61328125 0.0171875 0.0453125
0 0.0078125 0.96640625 0.015625 0.0671875
0 0.0109375 0.94609375 0.021875 0.0828125
0 0.01171875 0.5625 0.0234375 0.046875
0 0.00859375 0.5734375 0.0171875 0.05625
0 0.0078125 0.684375 0.015625 0.065625
0 0.009375 0.8984375 0.01875 0.075
0 0.1140625 0.97265625 0.046875 0.0546875
0 0.00703125 0.7625 0.0140625 0.059375
0 0.0125 0.92265625 0.025 0.1015625
0 0.01015625 0.7859375 0.0203125 0.08125
0 0.1578125 0.9546875 0.04375 0.090625
0 0.175 0.87734375 0.009375 0.0609375
0 0.05703125 0.86875 0.04375 0.0796875
0 0.15 0.565625 0.046875 0.053125
0 0.0109375 0.80234375 0.021875 0.0796875
0 0.00859375 0.82734375 0.0171875 0.0671875
0 0.0171875 0.6546875 0.034375 0.109375
0 0.01015625 0.74375 0.0203125 0.05625
0 0.01328125 0.71953125 0.0265625 0.0890625
0 0.0078125 0.7140625 0.015625 0.078125
0 0.01015625 0.56640625 0.0203125 0.0546875
0 0.00859375 0.68125 0.0171875 0.125
0 0.13828125 0.81484375 0.0390625 0.090625
0 0.009375 0.5953125 0.01875 0.06875
0 0.00546875 0.79921875 0.0109375 0.0515625
0 0.00859375 0.578125 0.0171875 0.075
0 0.0265625 0.5609375 0.053125 0.04375
0 0.171875 0.56875 0.015625 0.059375
0 0.0078125 0.5546875 0.015625 0.03125
0 0.0078125 0.73984375 0.015625 0.0578125
0 0.0078125 0.728125 0.015625 0.05625
0 0.0078125 0.684375 0.015625 0.053125
0 0.00625 0.60546875 0.0125 0.0390625
0 0.00625 0.6375 0.0125 0.05625
0 0.00625 0.6265625 0.0125 0.025
0 0.00625 0.6859375 0.0125 0.04375
0 0.00625 0.6796875 0.0125 0.04375
0 0.0046875 0.725 0.009375 0.034375
0 0.01015625 0.74453125 0.0203125 0.0328125
0 0.00859375 0.728125 0.0171875 0.040625
0 0.00703125 0.690625 0.0140625 0.046875
0 0.00546875 0.6828125 0.0109375 0.028125
0 0.00703125 0.65703125 0.0140625 0.0359375
0 0.00859375 0.6421875 0.0171875 0.028125
0 0.0046875 0.65 0.009375 0.025
0 0.0078125 0.5953125 0.015625 0.0375
0 0.00703125 0.58125 0.0140625 0.03125
0 0.0046875 0.56328125 0.009375 0.0234375
0 0.0078125 0.55546875 0.015625 0.0328125
0 0.00625 0.58203125 0.0125 0.0203125
0 0.00546875 0.56484375 0.0109375 0.0203125
0 0.0046875 0.54375 0.009375 0.009375
0 0.00859375 0.56171875 0.0171875 0.0328125
0 0.00546875 0.55703125 0.0109375 0.0359375
0 0.0046875 0.55625 0.009375 0.021875
0 0.00625 0.54453125 0.0125 0.0109375
0 0.00625 0.546875 0.0125 0.015625
0 0.0046875 0.54453125 0.009375 0.0109375
0 0.00625 0.54453125 0.0125 0.0109375
0 0.00546875 0.54609375 0.0109375 0.0140625
0 0.00703125 0.54609375 0.0140625 0.0140625
0 0.00546875 0.546875 0.0109375 0.015625
0 0.00703125 0.55 0.0140625 0.021875
0 0.00546875 0.54609375 0.0109375 0.0140625
0 0.04375 0.54921875 0.059375 0.0203125
0 0.009375 0.553125 0.01875 0.028125
0 0.00703125 0.553125 0.0140625 0.028125
0 0.00703125 0.5453125 0.0140625 0.0125
0 0.00625 0.54921875 0.0125 0.0203125
0 0.00859375 0.54375 0.0171875 0.009375
0 0.0140625 0.5578125 0.028125 0.0375
0 0.00859375 0.546875 0.0171875 0.015625
0 0.009375 0.55625 0.01875 0.034375
0 0.00703125 0.55625 0.0140625 0.034375
0 0.0078125 0.57578125 0.015625 0.0484375
0 0.00859375 0.575 0.0171875 0.0375
0 0.01015625 0.5515625 0.0203125 0.025
0 0.00703125 0.546875 0.0140625 0.015625
0 0.0078125 0.5546875 0.015625 0.03125
0 0.00703125 0.546875 0.0140625 0.015625
0 0.00625 0.55 0.0125 0.021875
0 0.00546875 0.546875 0.0109375 0.015625
0 0.00859375 0.55 0.0171875 0.021875
0 0.0046875 0.54453125 0.009375 0.0109375
0 0.00625 0.54765625 0.0125 0.0171875
0 0.00625 0.54765625 0.0125 0.0171875
0 0.00625 0.5453125 0.0125 0.0125
0 0.00703125 0.54765625 0.0140625 0.0171875
0 0.00546875 0.54453125 0.0109375 0.0109375
0 0.00625 0.55078125 0.0125 0.0234375
0 0.00546875 0.546875 0.0109375 0.015625
0 0.00625 0.54609375 0.0125 0.0140625
0 0.00546875 0.5453125 0.0109375 0.0125
0 0.00546875 0.54609375 0.0109375 0.0140625
0 0.00859375 0.5546875 0.0171875 0.03125
0 0.003125 0.55 0.00625 0.01875
0 0.00390625 0.55078125 0.0078125 0.0171875