0 0.89609375 0.4390625 0.153125 0.6734375
0 0.78359375 0.425 0.0765625 0.521875
0 0.6265625 0.4796875 0.121875 0.7578125
0 0.53828125 0.2484375 0.0515625 0.2265625
0 0.9578125 0.2015625 0.05 0.109375
0 0.534375 0.52578125 0.0515625 0.38125
0 0.46953125 0.27109375 0.0546875 0.375
0 0.396875 0.22109375 0.053125 0.275
0 0.3484375 0.13828125 0.03125 0.1203125
0 0.365625 0.534375 0.071875 0.28125
0 0.29609375 0.42421875 0.1359375 0.5671875
0 0.17109375 0.209375 0.0453125 0.221875
0 0.07578125 0.2109375 0.059375 0.2015625
0 0.12578125 0.440625 0.1859375 0.7171875