0 0.43984375 0.37578125 0.0796875 0.6671875
0 0.37265625 0.190625 0.0515625 0.2265625
0 0.36875 0.46796875 0.0515625 0.38125
0 0.30390625 0.21328125 0.0546875 0.375
0 0.23125 0.16328125 0.053125 0.275
0 0.1828125 0.08046875 0.03125 0.1203125
0 0.2 0.4765625 0.071875 0.28125
0 0.13046875 0.36640625 0.1359375 0.5671875
0 0.0140625 0.1515625 0.028125 0.221875
0 0.01484375 0.15234375 0.0296875 0.2015625
0 0.04609375 0.36640625 0.0921875 0.6859375
0 0.73203125 0.50390625 0.5046875 0.4109375
0 0.16875 0.95703125 0.1 0.0859375
0 0.0265625 0.75703125 0.053125 0.0953125
0 0.0328125 0.8546875 0.065625 0.290625
0 0.0375 0.7546875 0.075 0.090625
0 0.440625 0.81484375 0.078125 0.2109375
0 0.03125 0.81484375 0.0625 0.2109375
0 0.221875 0.77109375 0.10625 0.1234375
0 0.1671875 0.7609375 0.071875 0.103125
0 0.5859375 0.8546875 0.2125 0.290625
0 0.7875 0.8546875 0.24375 0.290625
0 0.5015625 0.7609375 0.04375 0.103125
0 0.9328125 0.790625 0.103125 0.1625
0 0.5109375 0.8046875 0.0625 0.190625