0 0.59375 0.26484375 0.1125 0.5296875
0 0.50234375 0.25234375 0.0765625 0.5046875
0 0.3453125 0.26484375 0.121875 0.5296875
0 0.25703125 0.08984375 0.0515625 0.1796875
0 0.25234375 0.34140625 0.0515625 0.3765625
0 0.18828125 0.13828125 0.0546875 0.2765625
0 0.115625 0.08828125 0.053125 0.1765625
0 0.0671875 0.0296875 0.03125 0.059375
0 0.084375 0.353125 0.071875 0.28125
0 0.04140625 0.26328125 0.0828125 0.5265625
0 0.0109375 0.06953125 0.021875 0.1390625
0 0.01484375 0.06484375 0.0296875 0.1296875
0 0.04609375 0.26484375 0.0921875 0.5296875
0 0.68359375 0.1359375 0.0671875 0.140625
0 0.671875 0.4234375 0.04375 0.1125
0 0.31484375 0.66328125 0.2640625 0.2671875
0 0.5890625 0.55 0.028125 0.040625
0 0.71796875 0.77734375 0.1359375 0.4453125