0 0.9585697296875001 0.0981612703125 0.9375228203124999 0.117276053125 0.887173440625 0.39714545 0.8149251109375 0.9112190375000001 0.8359262515625 0.99694330625 0.8825831234375 0.926245934375 0.9247684734374999 0.6783382609374999 0.9585697296875001 0.0981612703125
0 0.750648003125 0.5324671875 0.7691017812500001 0.3750333765625 0.763265046875 0.2859221421875 0.7517016140624999 0.28981519218749996 0.7391761046875 0.3266821296875 0.7194028765625 0.4673759546875 0.68542731875 0.5784828531249999 0.6608894703125 0.7792070718749999 0.6538433218749999 0.8554713671874999 0.6631252296875 0.867812221875 0.6642431078125 0.912114796875 0.677125990625 0.9249617359375 0.6911725171875001 0.8772721953125 0.7122194265624999 0.8581574109375 0.7270264640625 0.8050565703125001 0.752324821875 0.5989210500000001 0.750648003125 0.5324671875
0 0.62349600625 0.470451671875 0.59028095625 0.5761472703125 0.5621421328125 0.7763654046874999 0.583903784375 0.8566783734375001 0.5869458187500001 0.8350331703125 0.6102742531249999 0.799684484375 0.6288838343750001 0.7195271375 0.6646735125000001 0.360356940625 0.669639703125 0.27276395781249996 0.6624377531250001 0.271751790625 0.62349600625 0.470451671875
0 0.5039484578125 0.83380905625 0.5251796343749999 0.7816110671875001 0.54235544375 0.7512138515625 0.5736753640625001 0.46479075625000005 0.5766585484375 0.3235306546875 0.516387046875 0.62527025 0.5051254703125 0.7265906234374999 0.5101146625 0.789934228125 0.5039484578125 0.83380905625
0 0.50361160625 0.3207196421875 0.4301722640625 0.7443980265625 0.4445100953125 0.7553580531249999 0.444856628125 0.7882178734374999 0.46486321718749996 0.716462403125 0.5026833171875 0.44735840781249997 0.50361160625 0.3207196421875
0 0.4081147890625 0.6965511015625 0.446992403125 0.46935734374999993 0.445343234375 0.3751674578125 0.38266058593749996 0.6870085890625 0.38653992187499997 0.7158951859375 0.385294578125 0.7530010125000001 0.3961203625 0.7112709546875 0.4081147890625 0.6965511015625
0 0.3459229375 0.701236346875 0.36063241874999996 0.68838798125 0.3789131359375 0.5865586546875 0.38966546874999997 0.4747263078125 0.38739056875 0.4132596015625 0.3372428265625 0.6358841078124999 0.3349169328125 0.6877592406249999 0.3367413734375 0.731267171875 0.3459229375 0.701236346875
0 0.292026396875 0.7175223078124999 0.3025393171875 0.6921538390624999 0.31120191875000003 0.679951065625 0.3439133265625 0.4966321359375 0.346568246875 0.40006181406249997 0.3083325234375 0.5661987921875 0.2928309984375 0.63411768125 0.2939870828125 0.6894619921875 0.292026396875 0.7175223078124999
0 0.2502436109375 0.67585918125 0.248132771875 0.6979332390625 0.26300496406249996 0.6627370234375001 0.2817949265625 0.571419671875 0.2966370546875 0.48700255156249994 0.3031713078125 0.41931882343750004 0.307295178125 0.361731225 0.27782958125 0.50076489375 0.2423640953125 0.6613260484375 0.2502436109375 0.67585918125
0 0.24845760781249998 0.5473435203125 0.2612956609375 0.4701053296875 0.256400678125 0.42020070625 0.23611948749999997 0.52920946875 0.2144525203125 0.6409977718750001 0.2197191546875 0.6670940015625 0.23002313437500002 0.6431860796875 0.24845760781249998 0.5473435203125
0 0.21910219999999997 0.43136430781249996 0.1845663515625 0.5711753078124999 0.1772092265625 0.6447140625000001 0.1832001609375 0.651521190625 0.1982225078125 0.622311234375 0.2123492890625 0.5288486031249999 0.21910219999999997 0.43136430781249996
0 0.186329309375 0.41035281875 0.1573303328125 0.5390116640625 0.1428437 0.6279539890625 0.146834921875 0.6419351421874999 0.1657491625 0.6132776734375 0.181671078125 0.514096659375 0.186329309375 0.41035281875
0 0.1524568671875 0.43243832031249996 0.12603535 0.5286482828125 0.1145766328125 0.60310050625 0.1166623546875 0.637694665625 0.1348656125 0.5999867812499999 0.14679990625 0.4868251203125 0.1524568671875 0.43243832031249996
0 0.1183826875 0.455985378125 0.09123326875 0.5714839390625001 0.08875438125 0.61736689375 0.106092903125 0.56462183125 0.1183826875 0.455985378125
0 0.0624780671875 0.6136739984374999 0.077962671875 0.574094125 0.093434128125 0.45695433437500005 0.088731921875 0.43392276562500004 0.0608589640625 0.5687050171875 0.0624780671875 0.6136739984374999
0 0.0583576171875 0.43114384531249994 0.034895515625 0.5486505328125 0.0310845125 0.5898765453125 0.05052131562499999 0.54339153125 0.0583576171875 0.43114384531249994
0 0 0.5536888203125 0.00229924375 0.5828457015625 0.0172266203125 0.5402021765625 0.025675334374999997 0.42357083125 0 0.5502029359375 0 0.5536888203125