0 0.1596483921875 0 0.043547821874999997 0.5623233609375 0.020132515625 0.8127021578125 0.046901765625 0.8930662625 0.089374384375 0.815698471875 0.152639890625 0.30044227343749996 0.1764416546875 0.0170778171875 0.16545502031249998 0 0.1596483921875 0
0 0.2306702859375 0.530243928125 0.201754825 0.735903246875 0.202313815625 0.7910270640625 0.2176962984375 0.8149378687500001 0.21892124062499999 0.8646379359375 0.23469018125000002 0.85556308125 0.2472363203125 0.8130594078125 0.259396003125 0.8035413921875 0.2723285984375 0.7280520625 0.30057810625000003 0.52781649375 0.29651681875 0.41170194843749996 0.31383158906249997 0.2706844625 0.3112747421875 0.23183189375 0.30111291875 0.2250786609375 0.27241138125000003 0.3096428453125 0.24948949374999999 0.46648841875 0.2306702859375 0.530243928125
0 0.3266400125 0.82280895625 0.3684466796875 0.7508649140625 0.393086928125 0.550186184375 0.38835968906249996 0.43949538906249996 0.4021721625 0.237487175 0.3949536453125 0.23660085312499998 0.377079884375 0.322494521875 0.318689971875 0.678689340625 0.3159191984375 0.76093190625 0.3293038234375 0.8011139578125 0.3266400125 0.82280895625
0 0.4151894859375 0.777437090625 0.43640320624999995 0.717543165625 0.45174900156250003 0.6167604890625 0.47162715625 0.309703009375 0.4379478859375 0.4469218953125 0.394068853125 0.7316915515625 0.4027920328125 0.765498434375 0.40978994062499996 0.8214128515624999 0.4151894859375 0.777437090625
0 0.5041935484375 0.7541431140625 0.5429126281250001 0.32589372031249997 0.5110327609375 0.44845763437499997 0.47791493437500004 0.7181806953125001 0.4786681328125 0.7926692421875 0.4875076046875 0.7610187828125 0.5041935484375 0.7541431140625
0 0.5537162343750001 0.7379043656250001 0.5649397859375 0.7110061015625 0.5851034203125 0.39356723437499996 0.559132309375 0.48412084218749996 0.5378831296875 0.713635428125 0.545659078125 0.7309580999999999 0.5453154484375 0.774068159375 0.5537162343750001 0.7379043656250001
0 0.5978393750000001 0.765641375 0.61086233125 0.7240881421875 0.6220419625 0.6733786265624999 0.631222425 0.44536067343749997 0.6131162859375 0.504144165625 0.5945579015625 0.6149488265625 0.58586035 0.7180398 0.596743215625 0.7342574625 0.5978393750000001 0.765641375
0 0.6499568250000001 0.736326296875 0.665397678125 0.683167015625 0.6680030578125 0.6135503171875001 0.6740695984375 0.44317818437499995 0.6516398156250001 0.537145096875 0.6357901796875 0.7226839218750001 0.6409993 0.736712940625 0.6445881578125 0.76393794375 0.6499568250000001 0.736326296875
0 0.69205616875 0.7563768625 0.695730440625 0.7345086359375 0.7071029203125 0.722510075 0.7144021765625 0.558240765625 0.7219251578125 0.416318296875 0.7110037421875 0.47301098281250004 0.6997975078125 0.5400796328124999 0.69228514375 0.625461734375 0.686800184375 0.7185307234375 0.69205616875 0.7563768625
0 0.7393247765625001 0.710098515625 0.7473290359375 0.5965114828125 0.755952453125 0.4859679453125 0.7383079953125 0.5329051953125 0.7307178890625 0.6108342906249999 0.7237183421875 0.7081822875 0.7274833968750001 0.7339424328125 0.7393247765625001 0.710098515625
0 0.7862639812500001 0.6503903046875 0.7890906640625001 0.5064047125 0.7703826828125 0.6023150937499999 0.759838196875 0.6962493421875 0.7667885765625 0.7283520625000001 0.7743371890625 0.72332745 0.7862639812500001 0.6503903046875
0 0.82089651875 0.6263718093749999 0.82618501875 0.4945914203125 0.8038336421875 0.5960059156249999 0.793543096875 0.6959283140625 0.8043957515625 0.7285046687500001 0.8118695656250001 0.716032915625 0.82089651875 0.6263718093749999
0 0.8538073921875 0.624461290625 0.8531871375 0.5246912109374999 0.844575003125 0.5786889546875 0.8268142515625 0.6910835484375 0.8346377296874999 0.7322179156249999 0.8456060093750001 0.69934235 0.8538073921875 0.624461290625
0 0.863759678125 0.6643705546875001 0.8668559765625 0.7198059125 0.8763369375 0.674844796875 0.8800058406250001 0.55625496875 0.863759678125 0.6643705546875001
0 0.9143565046875001 0.542618303125 0.9038535140624999 0.5636480703125 0.8884797843750001 0.6808007265625 0.8931927375000001 0.7230396609375 0.9063955 0.6800220140625 0.9143565046875001 0.542618303125
0 0.9229325140625001 0.6582466453125 0.9296758171875 0.708178334375 0.9366647484374999 0.6673707046875 0.9444150671875 0.547795521875 0.9229325140625001 0.6582466453125
0 0.9559181859375 0.663783265625 0.9592999687500001 0.7088372374999999 0.9699079671874999 0.6788959203125 0.97794376875 0.5489393484375 0.9559181859375 0.663783265625