0 0.9454545453125001 0.6174863390625001 0.89818181875 0.038251365625 0.8800000000000001 0.0601092890625 0.8690909093749999 0.34426229531249997 0.8690909093749999 0.863387978125 0.90181818125 0.9453551906250001 0.9381818187500001 0.868852459375 0.9454545453125001 0.6174863390625001
0 0.70181818125 0.8306010921875 0.7127272734375001 0.8415300546875001 0.72 0.8852459015624999 0.7345454546875 0.8961748640625 0.74181818125 0.8469945359375 0.76 0.8251366125 0.7672727265625 0.770491803125 0.7636363640625 0.5628415296875 0.7527272734375 0.497267759375 0.749090909375 0.3387978140625 0.730909090625 0.2513661203125 0.72 0.25683060156250004 0.7127272734375001 0.2950819671875 0.7127272734375001 0.43715847031250005 0.6945454546875001 0.5519125687499999 0.69818181875 0.7540983609375 0.70181818125 0.8306010921875
0 0.6 0.765027321875 0.6327272734375 0.8415300546875001 0.6327272734375 0.8196721312499999 0.650909090625 0.781420765625 0.6581818187499999 0.6994535515625 0.6436363640625 0.3387978140625 0.6363636359375 0.2513661203125 0.629090909375 0.2513661203125 0.61818181875 0.45355191250000004 0.6 0.5628415296875 0.6 0.765027321875
0 0.5503672734375 0.8300109296875 0.5641272734375 0.7753661203125 0.5769054546875 0.7428743171875001 0.56805818125 0.45487978125 0.5513527265625 0.314579234375 0.53366181875 0.6217704921875 0.536610909375 0.7236721312500001 0.5503672734375 0.78570491875 0.5503672734375 0.8300109296875
0 0.49533090937499996 0.7192459015625 0.49533090937499996 0.44749726718750005 0.4786254546875 0.32196174843750003 0.4648654546875 0.7517377046875 0.480589090625 0.760595628125 0.48550545468750006 0.79308743125 0.49533090937499996 0.7192459015625
0 0.42653454531249996 0.7236721312500001 0.43636363593749994 0.7074262296875 0.4432436359375 0.47703278750000006 0.42850181875000004 0.3839890703125 0.409829090625 0.701519125 0.417690909375 0.7295847 0.42162181875 0.7665027328125 0.42653454531249996 0.7236721312500001
0 0.375429090625 0.7207213109375 0.3882072734375 0.7059508203125 0.39213818125 0.60256830625 0.38722181875 0.49032786875 0.37641454531249996 0.42977595625 0.35773818125 0.6572131140625 0.36265454531249997 0.7089071031249999 0.3705163640625 0.7517377046875 0.375429090625 0.7207213109375
0 0.3243236359375 0.7443497265625 0.3312036359375 0.7177650265625 0.3380836359375 0.704475409375 0.3449636359375 0.518387978125 0.3341527265625 0.422387978125 0.319410909375 0.5922295078125 0.3135127265625 0.661644809375 0.32236 0.7162896171875001 0.3243236359375 0.7443497265625
0 0.278130909375 0.731060109375 0.28796 0.6941366125 0.29385818124999996 0.601092896875 0.2968072734375 0.51543169375 0.29385818124999996 0.44749726718750005 0.2899272734375 0.38989617499999996 0.28009818124999997 0.5316775953125 0.2673236359375 0.6956120218749999 0.277149090625 0.7089071031249999 0.278130909375 0.731060109375
0 0.25257818125 0.6793661203125 0.2574945453125 0.5818907109375 0.25945818125 0.5036174859375 0.24766545468749998 0.45487978125 0.24275272656250002 0.5656502734375 0.2368545453125 0.6793661203125 0.24570181875000002 0.704475409375 0.25257818125 0.6793661203125
0 0.21818181874999998 0.6631202187499999 0.2191636359375 0.5686010921875 0.2122836359375 0.4711256828125 0.19754181875000001 0.6143825140625 0.20049090937499997 0.6882295078125 0.20737090937499997 0.6941366125 0.21818181874999998 0.6631202187499999
0 0.1847672734375 0.6586939890625 0.186730909375 0.5582622953125 0.17690545468750002 0.45487978125 0.1660945453125 0.5863224046875 0.1641272734375 0.6764153 0.17002545468750002 0.6897049187500001 0.1847672734375 0.6586939890625
0 0.15233454531249999 0.6498306015625 0.1484036359375 0.5361092890625 0.1464363640625 0.48146448125 0.13366181875 0.5804153000000001 0.1326763640625 0.6557377046874999 0.1395563640625 0.6897049187500001 0.15233454531249999 0.6498306015625
0 0.11597090937500001 0.509524590625 0.10516 0.6276775953125 0.10909090937499999 0.673459015625 0.11892 0.6188142078125 0.11597090937500001 0.509524590625
0 0.09140000000000001 0.5139562843750001 0.08353818125 0.491803278125 0.0746945453125 0.6291530046875 0.0825563640625 0.673459015625 0.09238181875 0.6321092890625 0.09140000000000001 0.5139562843750001
0 0.053072726562500006 0.49327868906249994 0.0461927265625 0.612907103125 0.0481563640625 0.6542622953125 0.0609345453125 0.605524590625 0.053072726562500006 0.49327868906249994
0 0.0196545453125 0.49032786875 0.0117927265625 0.62029508125 0.0186727265625 0.6513060109375 0.02752 0.607 0.0196545453125 0.49032786875