0 0.11009259375 0.95311745 0.12719621718750002 0.9465395687499999 0.134935565625 0.9366336531250001 0.1338522828125 0.9278110203125 0.154283940625 0.9118688640625001 0.15049245 0.8809896515625001 0.154903765625 0.880448009375 0.151653915625 0.8539801109375 0.1560652328125 0.8534384703125 0.1506488171875 0.8093253062500001 0.1462375 0.8098669484375 0.14407093437500001 0.7922216843750001 0.13965961875 0.7927633265625 0.1330817359375 0.775659703125 0.1187645046875 0.76846199375 0.117681221875 0.7596393625 0.0929164328125 0.7402909890625 0.070318209375 0.7385878796875 0.0697765671875 0.7341765640625 0.05213130312499999 0.7363431296875 0.0515896625 0.7319318140625 0.033944396875 0.7340983796875 0.03340275625 0.7296870640625001 0.028991439062500002 0.7302287046875 0.05824008125 0.9684397812500001 0.09353061093750001 0.9641066484374999 0.0929889703125 0.9596953328125 0.11063423593749999 0.9575287671874999 0.11009259375 0.95311745
0 0.259848440625 0.7869616374999999 0.2554371234375 0.7875032796875 0.2624784625 0.8448503890625 0.258067146875 0.84539203125 0.2591504296875 0.8542146625000001 0.2547391140625 0.8547563046875 0.255822396875 0.8635789375 0.25141108125 0.8641205781249999 0.245838296875 0.8916717593750001 0.286081784375 0.8912083015625001 0.2866234265625 0.89561961875 0.3219139578125 0.8912864859375 0.3224555984375 0.8956978015624999 0.3621574453125 0.890823028125 0.36161580312499997 0.8864117125 0.370438434375 0.8853284296874999 0.3698967921875 0.8809171125 0.3825891015625 0.8748808718750001 0.3815058171875 0.866058240625 0.3770945 0.86659988125 0.36951151875 0.8048414546875 0.37392283593750003 0.8042998125 0.371214628125 0.7822432312500001 0.3668033109375 0.782784871875 0.36572002812500004 0.773962240625 0.36130871249999996 0.7745038828124999 0.34923623125000003 0.7491192671875 0.334919 0.7419215593749999 0.3338357171875 0.7330989265625 0.325013084375 0.734182209375 0.30961256875 0.7181618703125 0.2963786203125 0.71978679375 0.295836978125 0.715375478125 0.27323875625 0.71367236875 0.272697115625 0.709261053125 0.25505184999999997 0.7114276203125 0.2577600578125 0.7334842 0.2533487421875 0.7340258421875 0.26046826562500003 0.75554078125 0.25605695 0.7560824234375 0.259848440625 0.7869616374999999
0 0.42236912968749996 0.8341739265625 0.4179578140625 0.8347155687500001 0.41904109843750004 0.8435382015625 0.41462978125000005 0.8440798421875 0.4162547046875 0.857313790625 0.43003029687499994 0.8601001828125 0.4305719375 0.8645114984375001 0.457039834375 0.86126165 0.45758147656250003 0.8656729671875001 0.4796380578125 0.8629647593750001 0.4801797 0.8673760749999999 0.537526809375 0.8603347343750001 0.53698516875 0.85592341875 0.541396484375 0.855381778125 0.5267721640625 0.7362762390625 0.5223608468750001 0.73681788125 0.5157829656249999 0.7197142578125 0.5113716484374999 0.7202558984375 0.51083000625 0.7158445828125 0.506418690625 0.716386225 0.48111226093750004 0.692626534375 0.47228962812499997 0.6937098171875 0.4717479875 0.6892985 0.45797239687499997 0.686512109375 0.45743075624999996 0.68210079375 0.439785490625 0.6842673593749999 0.4392438484375 0.6798560421875 0.42159858281249996 0.6820226093749999 0.4226818671875 0.6908452421875 0.4182705515625 0.6913868828124999 0.42794191406250004 0.806622746875 0.42353059843749996 0.8071643890625 0.42236912968749996 0.8341739265625
0 0.6343468624999999 0.7006786203125001 0.6338052203125 0.696267303125 0.6249825875 0.6973505859375 0.6194879890625 0.6890695953125 0.6062540390625 0.6906945203125 0.6057123984375 0.6862832046875 0.5836558171874999 0.6889914125 0.5841974578125 0.6934027281249999 0.5797861421875 0.69394436875 0.581952709375 0.711589634375 0.5775413921875 0.7121312765625001 0.581874525 0.74742180625 0.5774632093750001 0.7479634484375 0.5807130578125 0.77443134375 0.5763017406250001 0.7749729859375 0.5790099484375 0.7970295671875001 0.5745986328125 0.7975712078125 0.5756819156249999 0.806393840625 0.5712705984374999 0.8069354828125 0.57235388125 0.815758115625 0.567942565625 0.81629975625 0.569567490625 0.82953370625 0.57397880625 0.8289920640625 0.5745204484374999 0.8334033796875 0.6279978859375 0.831314996875 0.6285395265625 0.8357263140625 0.6550074234375 0.832476465625 0.6555490640625 0.83688778125 0.664371696875 0.8358044984375 0.6638300562499999 0.8313931828125 0.6726526890625 0.8303098984374999 0.672111046875 0.8258985828125001 0.6765223640625 0.825356940625 0.6646062500000001 0.728307984375 0.6601949328125001 0.7288496265625 0.65911165 0.72002699375 0.654700334375 0.720568634375 0.6536170515624999 0.711746003125 0.644252778125 0.70841796875 0.6437111359375 0.704006653125 0.63929981875 0.70454829375 0.638758178125 0.7001369796875 0.6343468624999999 0.7006786203125001
0 0.7567804328125 0.676690025 0.756238790625 0.6722787078125 0.7380518859375 0.6700339578125 0.73751024375 0.665622640625 0.7286876109375 0.666705925 0.7297708953125001 0.6755285578125 0.725359578125 0.6760701984375 0.7307759921875 0.7201833625 0.7263646765625 0.720725003125 0.7296145265625 0.7471929 0.7252032093749999 0.747734540625 0.7262864921875 0.7565571734375001 0.7218751765625 0.757098815625 0.7240417421875 0.7747440812499999 0.7196304265625 0.775285721875 0.720713709375 0.7841083546875 0.71630239375 0.784649996875 0.7173856765625 0.7934726296875 0.7129743609375 0.7940142703124999 0.7151409265625001 0.8116595359375 0.728374875 0.8100346109375 0.7289165171875001 0.8144459265625 0.7774409953125 0.8084878703125 0.780769028125 0.7991235953125 0.7851803453125 0.7985819546874999 0.784638703125 0.7941706390625 0.78905001875 0.793628996875 0.7858001703124999 0.7671611 0.7902114874999999 0.7666194578125001 0.7842534296875 0.7180949796875 0.7798421125 0.7186366203125 0.7765922640625 0.6921687234375 0.7721809484375 0.6927103640625 0.7710976656249999 0.6838877328125 0.761733390625 0.6805596984375 0.76119175 0.6761483828125 0.7567804328125 0.676690025
0 0.025741589062499997 0.70376080625 0.037814070312499996 0.729145421875 0.0929164328125 0.7402909890625 0.128128778125 0.7717900265625001 0.1752572375 0.9003380249999999 0.245838296875 0.8916717593750001 0.2668897796875 0.8443087468750001 0.2024344390625 0.319362115625 0.1431553125 0.201261678125 0.085266559375 0.2038917015625 0.042621954687500005 0.2942064078125 0.0185495296875 0.46284152343749996 0.025741589062499997 0.70376080625
0 0.22836069375 0.3117009515625 0.24360484062499999 0.399385634375 0.2280479578125 0.4550296359375 0.2539685671875 0.7026049875 0.310154209375 0.7225731859375 0.3497778734375 0.7535305828125 0.36889169375 0.8362623093750001 0.3853754921875 0.8611052812500001 0.41904109843750004 0.8435382015625 0.4274784578125 0.7663792593750001 0.3730797515625 0.43274415 0.33639885 0.3163468203125 0.315503734375 0.2920454875 0.28632763125 0.27323875625 0.2355584015625 0.2973837203125 0.22836069375 0.3117009515625
0 0.38538678437499996 0.3506322515625 0.411770853125 0.6384510890625 0.42051530000000004 0.6731999765625 0.4717479875 0.6892985 0.5113716484374999 0.7202558984375 0.5430995937499999 0.8327835546875001 0.577306840625 0.819627790625 0.586905665625 0.7154593078125 0.5690314953125 0.5698858734375001 0.54651145625 0.53235059375 0.5194293812499999 0.3117847828125 0.50410705 0.2599322703125 0.4733060203125 0.227891590625 0.42315661718750003 0.220615696875 0.40326660312499996 0.2409691703125 0.38538678437499996 0.3506322515625
0 0.5427981515625 0.4656392078125 0.5718178859374999 0.5561102828125 0.5820308921875 0.6757574625 0.5880671328125 0.6884497703125 0.615076671875 0.6896112375000001 0.649205734375 0.7122876437500001 0.6677779140625 0.7906080531249999 0.687589746875 0.8060867515625001 0.7096463265625 0.8033785453125001 0.7212553500000001 0.7885196703124999 0.7334842 0.7422399421875 0.6863613875000001 0.3584554296875 0.6369881796875 0.24809434062500002 0.57522975 0.2556773234375 0.5382361125 0.2826086765625 0.528715471875 0.3509449875 0.5427981515625 0.4656392078125
0 0.691777803125 0.40256859375 0.7187816953125 0.658966575 0.7721809484375 0.6927103640625 0.7895916609375 0.7980403125 0.8375744984375 0.787670940625 0.849803346875 0.7413912109374999 0.853209565625 0.6961947656249999 0.8255076625 0.5070498109375 0.791071509375 0.37246557343750003 0.748198 0.315040278125 0.738292084375 0.307300928125 0.721188459375 0.31387881093750003 0.691777803125 0.40256859375
0 0.79602446875 0.376335246875 0.8679120703125 0.7794681328124999 0.9208478640625 0.772968434375 0.9385713140625 0.734969696875 0.924645003125 0.5486111328125001 0.9313010671875 0.529882584375 0.9126507046875 0.48739434687500005 0.9034427984375 0.4124019703125 0.8661420703125 0.3274254953125 0.8408356390625 0.30366580625 0.8182374171875001 0.301962696875 0.7994306859375 0.3311388015625 0.79602446875 0.376335246875
0 1 0.6324223921875001 0.9609702765625 0.4068295984375 0.9153641468749999 0.3392930703125 0.8670449859374999 0.33477915937499997 0.8957572234375 0.3984210625 0.9335943562500001 0.6579667109375 0.9630779625000001 0.703602615625 0.9583293703125 0.7743352203125 0.9844365359375 0.768147434375 1 0.7041049515625 1 0.6324223921875001
0 0.8519209640625001 0.6978441015625 0.8479731046874999 0.7386292296875 0.8349934250000001 0.7909745625 0.8644036703125 0.7873634390625 0.86927885625 0.7419866265625 0.8519209640625001 0.6978441015625
0 0.9343163656250001 0.663846996875 0.9384153578125 0.72155538125 0.9199205375 0.7775601187500001 0.9548497921875001 0.7702846375 0.9656346265625 0.7122443406250001 0.9343163656250001 0.663846996875