0 1 0.750297359375 0.9984663812499999 0.6624364125 0.9940226125 0.6625139796874999 0.9941001796875 0.666957746875 0.976325109375 0.6672680125 0.9764026749999999 0.6717117796875 0.95862760625 0.67202204375 0.958705171875 0.6764658109374999 0.9365639 0.6812974109375001 0.9147328937499999 0.7039040796875 0.9148880265624999 0.7127916140624999 0.90171185625 0.7219118484375 0.897578353125 0.7397644859375 0.8931345859375 0.7398420515625 0.8934448515625 0.7576171203125 0.8890010828125 0.7576946875 0.8897767453125001 0.8021323625000001 0.8942205140624999 0.802054796875 0.8946859109374999 0.828717403125 0.899129678125 0.8286398359374999 0.8996726421875 0.859746209375 0.9221241796875 0.8726896796875 0.9222793125000001 0.881577215625 0.931321978125 0.8903096171874999 0.949174615625 0.8944431187499999 0.94925218125 0.8988868875 0.9670272515624999 0.8985766234374999 0.96710481875 0.9030203890624999 1 0.9024462015625 1 0.750297359375
0 0.6712564750000001 0.7614954328125 0.66681270625 0.761573 0.6672005375000001 0.7837918390625 0.6716443062499999 0.783714271875 0.672730234375 0.8459270171875 0.6682864656249999 0.8460045828125 0.6684415984375 0.8548921187499999 0.6818504671875 0.8591031875 0.681928034375 0.8635469546874999 0.6908155671875 0.8633918234375001 0.690893134375 0.8678355890624999 0.7308870421875 0.8671374937499999 0.730809475 0.8626937265624999 0.7663596171875 0.8620731968750001 0.7662820499999999 0.857629428125 0.8061983921874999 0.8524875656249999 0.796845459375 0.8259800921875 0.7924016921875 0.8260576578125001 0.792246559375 0.8171701234375 0.787802790625 0.8172476890624999 0.7876476593749999 0.808360153125 0.7832038921875 0.8084377203124999 0.78219553125 0.75066874375 0.7777517625 0.750746309375 0.7772087984375 0.7196399359375001 0.77276503125 0.7197175015624999 0.7768209671874999 0.6974210984375 0.7723772 0.6974986640624999 0.77198936875 0.6752798265625 0.7542142984375 0.6755900921875 0.7542918656250001 0.680033859375 0.7321505937499999 0.6848654578125 0.732228159375 0.6893092249999999 0.7188968578125 0.6895419234375 0.7058758187499999 0.70754969375 0.6969882843749999 0.7077048265625 0.6971434171875 0.7165923609375 0.683967246875 0.7257125953125 0.675545109375 0.7525303328125 0.6711013421875001 0.7526079 0.6712564750000001 0.7614954328125
0 0.5108154468749999 0.7376252140624999 0.5063716781250001 0.7377027796875 0.5084659671875 0.857684503125 0.512909734375 0.8576069374999999 0.5129873015624999 0.8620507046875 0.570756278125 0.86104234375 0.5706787125 0.8565985765624999 0.59289755 0.8562107453125 0.5928199843749999 0.8517669765625 0.6194825890625 0.8513015796875001 0.619405021875 0.8468578125 0.632658759375 0.8421813453125001 0.6324260609375 0.8288500421875 0.6279822921875 0.8289276093750001 0.627827159375 0.8200400734375 0.62338339375 0.8201176406249999 0.6184742265625001 0.7935326015624999 0.6140304609375 0.79361016875 0.60756996875 0.678149778125 0.603126203125 0.6782273437499999 0.6029710703125 0.669339809375 0.585196 0.6696500750000001 0.585273565625 0.6740938421875 0.5674984953125 0.6744041078125 0.5675760609375 0.678847875 0.5543223265624999 0.683524340625 0.5543998921875 0.6879681078125001 0.5455123562499999 0.688123240625 0.5237589171875 0.715173678125 0.51931515 0.71525124375 0.5193927171875 0.7196950109375 0.5149489484374999 0.7197725765625 0.5108154468749999 0.7376252140624999
0 0.41943548281250004 0.85034829375 0.41935791718750004 0.8459045250000001 0.47260556249999996 0.8405299625 0.4725279953125 0.836086196875 0.4769717625 0.8360086296875 0.4767390640625 0.8226773265625 0.47229529687499994 0.8227548921875 0.47214016406250003 0.8138673578125 0.467696396875 0.8139449234375 0.46754126406249996 0.8050573890624999 0.463097496875 0.8051349546875001 0.462709665625 0.7829161171875 0.45826589687499997 0.7829936843749999 0.4578005 0.7563310796875 0.4533567328125 0.7564086453125001 0.452736203125 0.7208585046875 0.448292434375 0.7209360703125001 0.44798217031250004 0.7031609999999999 0.443538403125 0.7032385671875 0.44346083593749996 0.6987948 0.4212419984375 0.69918263125 0.421319565625 0.7036263984375 0.4079882625 0.703859096875 0.40369962812500004 0.7128241984375 0.3948120921875 0.71297933125 0.39488965781249996 0.7174231 0.3904458921875 0.717500665625 0.3905234578125 0.7219444328125 0.3860796890625 0.7220219984375 0.38615725625 0.726465765625 0.3773472859375 0.731064665625 0.37750241875 0.7399522015625 0.37305865312500003 0.7400297671875 0.37321378437499997 0.748917303125 0.3687700171875 0.74899486875 0.3704764734375 0.8467577531250001 0.37492024218750003 0.8466801875 0.374997809375 0.85112395625 0.38388534375 0.8509688234375 0.383962909375 0.8554125906250001 0.3928504453125 0.8552574578125001 0.39277287968749997 0.850813690625 0.41943548281250004 0.85034829375
0 0.330327434375 0.8385683171875 0.33001716875 0.8207932453125 0.3255734015625 0.8208708124999999 0.32541826875 0.8119832765625 0.32097450312500003 0.81206084375 0.3208193703125 0.8031733078125001 0.3163756015625 0.8032508734375 0.31606533593749997 0.785475803125 0.3116215703125 0.7855533703125 0.31146643749999997 0.7766658343749999 0.30702266875 0.7767434015625 0.306557271875 0.7500807968750001 0.3021135046875 0.7501583625 0.30133784218750004 0.7057206875 0.29689407343749996 0.705798253125 0.296738940625 0.6969107171875 0.28785140625 0.69706585 0.287928971875 0.7015096187500001 0.27023146875 0.70626365 0.2703090359375 0.71070741875 0.26586526718750003 0.7107849859375001 0.26594283281250003 0.7152287515625 0.2571328640625 0.7198276531250001 0.25728799687500004 0.7287151859375001 0.25284422968750003 0.728792753125 0.253309628125 0.755455359375 0.248865859375 0.755532925 0.2497190875 0.80441436875 0.25416285625 0.8043368015624999 0.2546282546875 0.8309994078124999 0.2590720203125 0.8309218406250001 0.2591495875 0.8353656078125 0.2635933546875 0.8352880421875 0.2681922546875 0.8440980109374999 0.3170736984375 0.8432447812499999 0.31699613125 0.8388010156249999 0.330327434375 0.8385683171875
0 0.7695297390625 0.27970695 0.7787601234375 0.8085152859375 0.8061983921874999 0.8524875656249999 0.877298671875 0.8512465046875001 0.9060780578125 0.7173905140625 0.9365639 0.6812974109375001 0.989578846875 0.6625915453125 0.9980009843750001 0.6357738078125 0.9715935671875 0.3961981921875 0.9242859421875 0.23255445625 0.8694869734375 0.14905366874999998 0.8117955609375 0.154505796875 0.7695297390625 0.27970695
0 0.680033859375 0.245708134375 0.6537590859375 0.2683923703125 0.6364494125 0.29536524062499997 0.6163248640625001 0.4157347953125 0.6088885953125 0.7536938265625001 0.6279822921875 0.8289276093750001 0.6637651328125 0.8416383812499999 0.6766310375 0.814743078125 0.6840448140625 0.7301563625 0.7189744250000001 0.6939856921875001 0.7718342359375 0.6663922921875 0.7630467578125 0.41761887656249996 0.7398971265625 0.364681496875 0.74278956875 0.27572857968750003 0.7336693359375001 0.26255241093750004 0.680033859375 0.245708134375
0 0.53721276875 0.2126401140625 0.4885640234375 0.226824646875 0.46252195 0.2628401828125 0.454565209375 0.316320528125 0.45844352187500004 0.538508903125 0.44136654843749995 0.5788130765624999 0.443926234375 0.7254574046875 0.46792909531250004 0.8272762281249999 0.50363436875 0.8355432328125 0.5193927171875 0.7196950109375 0.5543223265624999 0.683524340625 0.6028159375000001 0.6604522734375 0.606639175 0.62482456875 0.592709834375 0.33613481093750003 0.5597418703125 0.23002735312499997 0.53721276875 0.2126401140625
0 0.4508195375 0.3563920015625 0.431880975 0.29004575312499997 0.39149923593749997 0.2685250125 0.3292864890625 0.2696109390625 0.295753071875 0.385769425 0.3025013359375 0.7723772 0.32105206875 0.816504609375 0.33461607031249996 0.829603215625 0.35683490625 0.8292153843750001 0.3742997125 0.8111300484375 0.38179105468749996 0.7309871 0.41243202968750003 0.70378153125 0.43901707031250004 0.698872365625 0.44322813749999995 0.685463496875 0.4366900828125 0.5655593390625 0.452836259375 0.47192995625 0.4508195375 0.3563920015625
0 0.1786413 0.5522831125 0.1775328796875 0.7434426828125 0.187196078125 0.787725225 0.20574681093749997 0.8318526359374999 0.2547058203125 0.835443175 0.25728799687500004 0.7287151859375001 0.30547134374999996 0.68786805 0.296528734375 0.43020709999999995 0.2550610671875 0.34647361249999997 0.23720843125000002 0.3423401109375 0.228476028125 0.35138277812499996 0.1940118171875 0.414216053125 0.1786413 0.5522831125
0 0.088292190625 0.46940285312499996 0.0896108171875 0.5449469031249999 0.07705517656250001 0.5896172765625 0.086252975 0.6072372140625 0.09839829375 0.7937203187499999 0.12123766250000001 0.8288826265625 0.174562871875 0.82795183125 0.1896456140625 0.41873738749999995 0.17998241718750002 0.3744548453125 0.15729818125 0.3481800703125 0.13515691093749999 0.3530116703125 0.1134034703125 0.3800621046875 0.088292190625 0.46940285312499996
0 0.057596878124999994 0.832958378125 0.0843111421875 0.8354525296875 0.0697646875 0.766069165625 0.0926100703125 0.7167740609375 0.093957203125 0.45448838125 0.11353277343749998 0.387469865625 0.0663120671875 0.398664575 0.030549042187499997 0.47189098906250004 0.02194928125 0.7431935078125 0.057596878124999994 0.832958378125
0 0.1791359421875 0.8352820265625001 0.2087625390625 0.8347648921875 0.188624115625 0.784735403125 0.179038484375 0.744896628125 0.16799296875 0.7910253140625 0.1791359421875 0.8352820265625001
0 0.08719312500000001 0.8309571015625 0.122795003125 0.833300565625 0.0966858203125 0.78041484375 0.0927134671875 0.7226976046875 0.0684356 0.7749826078125001 0.08719312500000001 0.8309571015625